20170831,17,0|0
20170829,10,1|500,3|2800,1|2500
20170828,11,1|500,6|7000,1|1500,0|0
20170827,14,0|0,2|1100,3|4000,1|2200,2|1600
20170826,15,0|0,4|2500,2|2500,2|2000,1|1500,0|0
20170825,15,0|0,0|0,0|0,0|0,2|2000,0|0,1|500
20170824,1,0|0,0|0,1|5000,0|0,0|0,0|0,0|0,0|0
20170823,8,0|0,0|0,0|0,0|0,0|0,0|0,0|0,0|0,0|0
20170822,31,1|450,0|0,0|0,2|5100,1|5000,1|600,1|500,1|1500,1|500,2|1000
20170819,4,0|0,0|0,0|0,0|0,0|0,0|0,0|0,0|0,0|0,0|0,0|0,0|0,0|0
20170818,17,0|0,0|0,0|0,0|0,0|0,0|0,0|0,0|0,0|0,0|0,0|0,0|0,0|0,0|0
20170817,2,0|0,0|0,0|0,0|0,0|0,0|0,0|0,0|0,0|0,0|0,0|0,0|0,0|0,1|500,0|0
20170816,12,0|0,0|0,0|0,0|0,0|0,1|1000,0|0,0|0,0|0,0|0,0|0,0|0,0|0,0|0,0|0,1|500
