20170911,73,12100
20170910,44,500,10000
20170909,70,0,7900,15000
20170908,17,0,0,600,1100
20170907,25,0,0,0,0,0
20170906,7,0,0,1800,1800,1800,1800
20170905,14,0,0,0,0,0,0,0
20170904,8,0,0,0,0,0,0,0,0
20170903,7,0,4300,9800,15800,15800,18300,18800,19300,19800
20170902,12,0,0,0,3000,4500,4500,5000,6500,6500,11500
20170901,27,2300,3300,6800,8300,10300,13800,14300,14800,16300,16800,19300
20170831,17,0,500,1100,3100,3100,3100,3100,3100,3100,3600,4100,4100
20170829,10,500,3300,5800,7305,7305,7805,9905,9905,9905,9905,9905,9905,9905,10405
20170828,11,500,7500,9000,9000,9000,9000,9000,9000,9000,9000,9500,9500,11000,11000,11000
20170827,14,0,1100,5100,7300,8900,14100,18100,22100,23600,29100,29100,29100,31600,31600,35600,41100
20170826,15,0,2500,5000,7000,8500,8500,8500,9000,10000,11500,15500,17500,20000,22500,23000,25000,28500
20170825,15,0,0,0,0,2000,2000,2500,4500,5500,5500,5500,5500,6500,6500,7000,7000,7000,8800
20170824,1,0,0,5000,5000,5000,5000,5000,5000,5000,5000,5000,5000,5000,5000,5000,5000,5000,5000,5000
20170823,8,0,0,0,0,0,0,0,0,0,0,0,0,2400,2400,2400,2400,2400,2400,2400,2400
20170822,31,450,450,450,5550,10550,11150,11650,13150,13650,14650,16150,16150,17750,17750,18750,18750,19250,20750,20750,21750,24750
20170819,4,0,0,0,0,0,0,0,0,0,0,0,0,0,0,0,0,0,0,0,0,0,0,0,0
20170818,17,0,0,0,0,0,0,0,0,0,0,0,0,0,0,0,0,0,0,0,0,0,0,0,0,0
20170817,2,0,0,0,0,0,0,0,0,0,0,0,0,0,500,500,500,500,500,500,500,500,1000,1000,1000,1000,1000
20170816,12,0,0,0,0,0,1000,1000,1000,1000,1000,1000,1000,1000,1000,1000,1500,1500,1500,1500,1500,1500,1500,1500,1500,1500,1500,1500
