20170830,29,500
20170829,10,1000,3800
20170828,11,500,7500,9000
20170827,14,0,1100,6100,8900
20170826,15,2600,5700,8700,10700,12700
20170825,15,0,0,0,0,2000,2600
20170824,1,0,0,5000,5000,5000,5000,5000
20170823,8,0,0,0,0,0,0,0,0
20170822,31,454,454,454,6054,11054,12154,14154,15654,16154
20170819,4,0,0,0,0,0,0,0,0,0,0,0,0
20170924,109,109,109,109,109,109,109,109,109,109,109,109,109
20170923,98,98,98,98,98,98,98,98,98,98,98,98,98
20170922,106,106,106,106,106,106,106,106,106,106,106,106,106
20170921,103,103,103,103,103,103,103,103,103,103,103,103,103
20170920,75,75,75,75,75,75,75,75,75,75,75,75,75
20170919,123,123,123,123,123,123,123,123,123,123,123,123,123
20170918,104,104,104,104,104,104,104,104,104,104,104,104,104
20170917,110,110,110,110,110,110,110,110,110,110,110,110,110
20170916,84,84,84,84,84,84,84,84,84,84,84,84,84
20170915,117,117,117,117,117,117,117,117,117,117,117,117,117
20170914,43,43,43,43,43,43,43,43,43,43,43,43,43
20170913,76,76,76,76,76,76,76,76,76,76,76,76,76
20170912,74,74,74,74,74,74,74,74,74,74,74,74,74
20170911,73,73,73,73,73,73,73,73,73,73,73,73,73
20170910,44,44,44,44,44,44,44,44,44,44,44,44,44
20170909,70,70,70,70,70,70,70,70,70,70,70,70,70
20170908,17,17,17,17,17,17,17,17,17,17,17,17,17
20170907,25,25,25,25,25,25,25,25,25,25,25,25,25
20170906,7,7,7,7,7,7,7,7,7,7,7,7,7
20170905,14,14,14,14,14,14,14,14,14,14,14,14,14
20170904,8,8,8,8,8,8,8,8,8,8,8,8,8
20170903,8,8,8,8,8,8,8,8,8,8,8,8,8
20170902,12,12,12,12,12,12,12,12,12,12,12,12,12
20170901,27,27,27,27,27,27,27,27,27,27,27,27,27
20170831,17,17,17,17,17,17,17,17,17,17,17,17,17
20170830,29,29,29,29,29,29,29,1529,1529,1529,2029,2029,2529
20170829,10,10,10,10,10,10,10,10,10,10,10,1010,3810
20170828,11,11,11,11,11,11,11,11,11,11,511,7511,9011
20170827,14,14,14,14,14,14,14,14,14,14,1114,6114,8914
20170826,15,15,15,15,15,15,15,15,2615,5715,8715,10715,12715
20170825,15,15,15,15,15,15,15,15,15,15,15,2015,2615
20170824,1,1,1,1,1,1,1,1,5001,5001,5001,5001,5001
20170823,8,8,8,8,8,8,8,8,8,8,8,8,8
20170822,31,31,31,31,485,485,485,6085,11085,12185,14185,15685,16185
20170819,4,4,4,4,4,4,4,4,4,4,4,4,4
20170818,17,0,0,0,0,0,0,2,2,2,2,2,2,2
20170817,2,0,0,0,0,0,500,500,500,500,500,500,500,500,500
20170816,12,0,0,0,0,0,0,5,5,5,5,5,5,5,5,5
