20171005,26,6700
20171004,17,0,0
20171003,33,9100,17500,24300
20171002,29,3000,10400,14000,15500
20171001,44,8200,22600,31700,35200,38100
20170930,104,12100,31800,52000,65000,78500,90500
20170929,80,2600,14100,24500,36900,52500,58000,66800
20170928,73,6900,22400,42100,57700,71500,76000,85000,93400
20170927,92,5100,28700,39700,41700,47700,53200,55700,59200,66700
20170926,108,1500,16700,24200,37200,45700,52700,67800,72800,80300,86300
20170925,103,2400,7700,7700,10700,12200,15700,19200,28200,29200,30200,32700
20170924,109,7800,29800,37400,44500,51900,58500,63500,66000,69000,73500,75000,77000
20170923,98,4900,16200,21700,27200,30200,33700,35200,36200,48200,54700,59200,62700,67700
20170922,106,1000,2500,5500,7500,9000,11000,12500,12500,12500,13000,13000,13500,14500,14500
20170921,103,4600,12900,12900,14400,14900,18000,23500,29000,31500,31500,36500,43000,49500,49500,54000
20170920,75,500,3100,11600,19600,26800,33900,40900,45400,47400,49400,51900,55400,60400,62400,70400,76000
20170919,123,11500,26300,32300,34300,36300,42700,52900,54400,55000,61800,63500,65000,69400,74700,78000,83700,85300
20170918,104,12700,46100,61700,70800,77400,79400,90900,94900,97400,108900,112900,114900,119900,119900,127900,133400,140400,142900
20170917,110,4600,24600,46900,57400,87900,102400,121400,134400,148900,166400,179900,190900,205900,216900,232900,245900,260400,265400,276900
20170916,84,2500,11200,16800,22400,25400,26900,29900,30400,35900,44900,49400,55500,58500,63500,65000,68000,71000,71500,74000,77000
20170915,117,10100,16100,18600,26800,34800,45300,67300,77000,90100,105600,113600,121600,129100,132600,134600,138100,150600,157600,169600,173100,175600
20170914,43,3800,6800,7300,8300,8300,8300,8300,8900,8900,8900,8900,8900,8900,8900,8900,8900,8900,8900,8900,8900,8900,8900
20170913,76,14600,34100,34100,36100,45100,54600,60600,69100,72100,76600,77600,80100,93600,98100,110100,119600,126100,131100,134100,139600,141600,143100,147600
20170912,74,3600,6600,8200,10300,10300,15300,22300,22300,27300,28800,36300,40800,46300,52800,54300,54800,55300,60300,60300,60800,63800,68800,78800,80800
20170911,73,19100,38700,43700,55700,57700,57700,59700,64200,80200,83700,91200,100200,101700,103200,104200,104200,104200,104200,104200,104200,104200,104200,104200,104200,104200
20170910,44,1000,15100,18100,21100,27100,35600,37600,49600,52600,59600,61600,68100,68600,77600,84600,90100,91100,91100,91100,95600,95600,102100,105600,105600,105600,105600
20170909,70,500,8900,16500,18000,21300,31200,32700,42500,47900,56400,60900,68900,84900,87900,93900,95400,101900,101900,104900,107900,107900,109400,110900,112400,112400,117400,117400
20170908,17,0,0,600,1100,1100,1100,1100,1100,1100,1100,1100,1100,1100,1100,1100,1100,1100,1100,1100,1100,1100,1100,1100,1100,1100,1100,1100,1100
20170907,25,0,0,0,0,0,0,0,0,0,0,0,0,0,0,0,0,0,0,0,0,0,0,0,0,0,0,0,0,0
20170906,7,0,0,1800,1800,1800,1800,1800,3800,3800,3800,3800,3800,3800,3800,3800,3800,3800,6300,8800,10800,11800,15300,17300,17300,17300,17300,17300,18300,19300,19300
20170905,14,0,0,0,0,0,0,0,0,0,600,2400,2400,4800,6000,6600,6600,6600,6600,6600,6600,6600,6600,6600,6600,6600,6600,6600,6600,6600,7100,7100
20170904,8,0,0,0,0,0,0,0,0,0,0,0,0,0,0,0,0,0,0,0,0,0,0,0,0,0,0,0,0,0,0,0,0
20170903,8,0,5300,12300,18300,18800,21800,22300,22800,23800,24800,24800,25300,26800,28300,28800,28800,28800,28800,28800,28800,28800,29300,29300,29300,29300,29300,29300,29300,29300,29300,29300,29300,29300
20170902,12,0,0,500,3500,5500,5500,6000,7500,7500,12500,12500,12500,12500,12500,12500,17500,17500,17500,17500,17500,17500,17500,17500,17500,17500,17500,17500,17500,17500,17500,17500,17500,17500,17500
20170901,27,2300,3300,7300,11300,13800,18800,19300,19800,21300,21800,24800,24800,24800,27800,30300,30300,32800,34300,37300,37800,39800,43300,45800,49300,52800,54300,56300,57800,59300,59300,59300,59300,59800,59800,60300
20170831,17,600,2600,3200,7200,7700,7700,7700,7700,7700,8200,8700,8700,8700,8700,8700,8700,8700,8700,8700,8700,8700,8700,8700,8700,8700,8700,8700,8700,8700,8700,8700,8700,8700,8700,8700,8700
20170830,29,500,2100,13400,16900,22900,25400,28400,28400,28900,30900,30900,31900,33400,33900,34900,36400,36400,38400,38400,38400,38400,42400,43900,47400,50400,52900,54400,56400,58400,59900,62900,63400,63400,63900,64400,65400,65400
20170829,10,1000,3800,4300,4309,4309,4809,6909,6909,6909,6909,6909,7409,7409,7909,7909,7909,7909,7909,7909,7909,7909,7909,7909,7909,7909,7909,7909,7909,7909,7909,7909,7909,7909,7909,7909,7909,7909,7909
20170828,11,500,7500,9000,9000,9000,9000,9000,9000,9000,9000,9500,9500,11000,11000,11000,11000,11000,12500,12500,19000,19000,19000,19000,19000,19000,19000,19000,19000,19500,19500,19500,20000,20000,20000,20000,20000,20000,20000,20000
20170827,14,0,1100,6100,8900,10500,15700,19700,24200,26300,31800,31800,31800,34300,34300,38300,43800,45300,48800,53800,56800,60800,65300,68300,72800,75300,80800,81300,81300,81300,81300,81300,81300,81300,81300,87300,87300,87300,87300,87300,87300
20170826,15,2600,5700,8700,10700,12700,13200,13200,13700,14700,16200,25200,27200,29700,33700,34200,36700,40700,43200,43200,55700,59200,62700,63200,64200,67700,70700,71700,72200,73200,74700,75700,75700,75700,75700,75700,75700,75700,75700,75700,75700,75700
20170825,15,0,0,0,0,2000,2600,3100,6900,7900,8400,8400,8400,9900,9900,10900,10900,10900,12700,12700,12700,12700,12700,12700,14200,14200,14200,14200,14200,14200,14200,14200,14200,14200,14200,14200,14200,14200,14200,14200,14200,14200,14200
20170824,1,0,0,5000,5000,5000,5000,5000,5000,5000,5000,5000,5000,5000,5000,5000,5000,5000,5000,5000,5000,5000,5000,5000,5000,5000,5000,5000,5000,5000,5000,5000,5000,5000,5000,5000,5000,5000,5000,5000,5000,5000,5000,5000
20170823,8,0,0,0,0,0,0,0,0,0,0,0,0,2400,2400,2400,2400,2400,2400,2400,2400,2400,2400,2400,2400,2400,2400,2400,2400,2400,2400,2400,2400,2400,2400,2400,2400,2400,2400,2400,2400,2400,2400,2400,2400
20170822,31,454,454,454,6054,11054,12154,14154,15654,16154,17154,18654,18654,20254,20254,21254,21254,21754,23254,23254,24254,27254,27754,29254,31254,32254,34254,35754,37254,40754,44254,44754,47254,49254,49754,52254,52254,52254,53754,54754,55254,55254,55754,55754,55754,55754
20170819,4,4,4,4,4,4,4,4,4,4,4,4,4,4,4,4,4,4,4,4,4,4,4,4,4,4,4,4,4,4,4,4,4,4,4,4,4,4,4,4,4,4,4,4,4,4,4,4,4
20170818,17,0,0,0,0,0,0,2,2,2,2,2,2,2,2,2,2,2,2,2,2,2,2,2,2,2,2,2,2,2,2,2,2,2,2,2,2,2,2,2,2,2,2,2,2,2,2,2,2,2
20170817,2,0,0,0,0,0,500,500,500,500,500,500,500,500,500,1000,1000,1000,1000,1000,1000,1000,1500,1500,1500,1500,1500,1500,1500,1500,1500,1500,1500,1500,1500,1500,1500,1500,1500,1500,1500,1500,1500,1500,1500,1500,1500,1500,1500,1500,1500
20170816,12,0,0,0,0,0,0,5,5,5,5,5,5,5,5,5,505,505,505,505,505,505,505,505,505,505,505,505,505,505,505,505,505,505,505,505,1005,1005,1005,1505,1505,1505,1505,1505,1505,2005,2005,2005,2005,2005,2005,2005
