20170913,76,14600
20170912,74,3600,6600
20170911,73,19100,38700,43700
20170910,44,1000,15100,18100,21100
20170909,70,500,8900,16500,18000,21300
20170908,17,0,0,600,1100,1100,1100
20170907,25,0,0,0,0,0,0,0
20170906,7,0,0,1800,1800,1800,1800,1800,3800
20170905,14,0,0,0,0,0,0,0,0,0
20170904,8,0,0,0,0,0,0,0,0,0,0
20170903,8,0,5300,12300,18300,18800,21800,22300,22800,23800,24800,24800
20170902,12,0,0,500,3500,5500,5500,6000,7500,7500,12500,12500,12500
20170901,27,2300,3300,7300,11300,13800,18800,19300,19800,21300,21800,24800,24800,24800
20170831,17,600,2600,3200,7200,7700,7700,7700,7700,7700,8200,8700,8700,8700,8700
20170830,29,500,2100,13400,16900,22900,25400,28400,28400,28900,30900,30900,31900,33400,33900,34900
20170829,10,1000,3800,4300,4309,4309,4809,6909,6909,6909,6909,6909,7409,7409,7909,7909,7909
20170828,11,500,7500,9000,9000,9000,9000,9000,9000,9000,9000,9500,9500,11000,11000,11000,11000,11000
20170827,14,0,1100,6100,8900,10500,15700,19700,24200,26300,31800,31800,31800,34300,34300,38300,43800,45300,48800
20170826,15,2600,5700,8700,10700,12700,13200,13200,13700,14700,16200,25200,27200,29700,33700,34200,36700,40700,43200,43200
20170825,15,0,0,0,0,2000,2600,3100,6900,7900,8400,8400,8400,9900,9900,10900,10900,10900,12700,12700,12700
20170824,1,0,0,5000,5000,5000,5000,5000,5000,5000,5000,5000,5000,5000,5000,5000,5000,5000,5000,5000,5000,5000
20170823,8,0,0,0,0,0,0,0,0,0,0,0,0,2400,2400,2400,2400,2400,2400,2400,2400,2400,2400
20170822,31,454,454,454,6054,11054,12154,14154,15654,16154,17154,18654,18654,20254,20254,21254,21254,21754,23254,23254,24254,27254,27754,29254
20170819,4,0,0,0,0,0,0,0,0,0,0,0,0,0,0,0,0,0,0,0,0,0,0,0,0,0,0
20170924,109,109,109,109,109,109,109,109,109,109,109,109,109,109,109,109,109,109,109,109,109,109,109,109,109,109,109
20170923,98,98,98,98,98,98,98,98,98,98,98,98,98,98,98,98,98,98,98,98,98,98,98,98,98,98,98
20170922,106,106,106,106,106,106,106,106,106,106,106,106,106,106,106,106,106,106,106,106,106,106,106,106,106,106,106
20170921,103,103,103,103,103,103,103,103,103,103,103,103,103,103,103,103,103,103,103,103,103,103,103,103,103,103,103
20170920,75,75,75,75,75,75,75,75,75,75,75,75,75,75,75,75,75,75,75,75,75,75,75,75,75,75,75
20170919,123,123,123,123,123,123,123,123,123,123,123,123,123,123,123,123,123,123,123,123,123,123,123,123,123,123,123
20170918,104,104,104,104,104,104,104,104,104,104,104,104,104,104,104,104,104,104,104,104,104,104,104,104,104,104,104
20170917,110,110,110,110,110,110,110,110,110,110,110,110,110,110,110,110,110,110,110,110,110,110,110,110,110,110,110
20170916,84,84,84,84,84,84,84,84,84,84,84,84,84,84,84,84,84,84,84,84,84,84,84,84,84,84,84
20170915,117,117,117,117,117,117,117,117,117,117,117,117,117,117,117,117,117,117,117,117,117,117,117,117,117,617,617
20170914,43,43,43,43,43,43,43,43,43,43,43,43,43,43,43,43,43,43,43,43,43,43,43,43,43,43,43
20170913,76,76,76,76,76,76,76,76,76,76,76,76,76,76,76,76,76,76,76,76,76,76,76,76,76,76,14676
20170912,74,74,74,74,74,74,74,74,74,74,74,74,74,74,74,74,74,74,74,74,74,74,74,74,74,3674,6674
20170911,73,73,73,73,73,73,73,73,73,73,73,73,73,73,73,73,73,73,73,73,73,73,73,73,19173,38773,43773
20170910,44,44,44,44,44,44,44,44,44,44,44,44,44,44,44,44,44,44,44,44,44,44,44,1044,15144,18144,21144
20170909,70,70,70,70,70,70,70,70,70,70,70,70,70,70,70,70,70,70,70,70,70,70,570,8970,16570,18070,21370
20170908,17,17,17,17,17,17,17,17,17,17,17,17,17,17,17,17,17,17,17,17,17,17,17,617,1117,1117,1117
20170907,25,25,25,25,25,25,25,25,25,25,25,25,25,25,25,25,25,25,25,25,25,25,25,25,25,25,25
20170906,7,7,7,7,7,7,7,7,7,7,7,7,7,7,7,7,7,7,7,7,7,1807,1807,1807,1807,1807,3807
20170905,14,14,14,14,14,14,14,14,14,14,14,14,14,14,14,14,14,14,14,14,14,14,14,14,14,14,14
20170904,8,8,8,8,8,8,8,8,8,8,8,8,8,8,8,8,8,8,8,8,8,8,8,8,8,8,8
20170903,8,8,8,8,8,8,8,8,8,8,8,8,8,8,8,8,8,5308,12308,18308,18808,21808,22308,22808,23808,24808,24808
20170902,12,12,12,12,12,12,12,12,12,12,12,12,12,12,12,12,12,512,3512,5512,5512,6012,7512,7512,12512,12512,12512
20170901,27,27,27,27,27,27,27,27,27,27,27,27,27,27,2327,3327,7327,11327,13827,18827,19327,19827,21327,21827,24827,24827,24827
20170831,17,17,17,17,17,17,17,17,17,17,17,17,17,617,2617,3217,7217,7717,7717,7717,7717,7717,8217,8717,8717,8717,8717
20170830,29,29,29,29,29,29,29,1529,1529,1529,2029,2029,2529,4129,15429,18929,24929,27429,30429,30429,30929,32929,32929,33929,35429,35929,36929
20170829,10,10,10,10,10,10,10,10,10,10,10,1010,3810,4310,4319,4319,4819,6919,6919,6919,6919,6919,7419,7419,7919,7919,7919
20170828,11,11,11,11,11,11,11,11,11,11,511,7511,9011,9011,9011,9011,9011,9011,9011,9011,9511,9511,11011,11011,11011,11011,11011
20170827,14,14,14,14,14,14,14,14,14,14,1114,6114,8914,10514,15714,19714,24214,26314,31814,31814,31814,34314,34314,38314,43814,45314,48814
20170826,15,15,15,15,15,15,15,15,2615,5715,8715,10715,12715,13215,13215,13715,14715,16215,25215,27215,29715,33715,34215,36715,40715,43215,43215
20170825,15,15,15,15,15,15,15,15,15,15,15,2015,2615,3115,6915,7915,8415,8415,8415,9915,9915,10915,10915,10915,12715,12715,12715
20170824,1,1,1,1,1,1,1,1,5001,5001,5001,5001,5001,5001,5001,5001,5001,5001,5001,5001,5001,5001,5001,5001,5001,5001,5001
20170823,8,8,8,8,8,8,8,8,8,8,8,8,8,8,8,8,8,2408,2408,2408,2408,2408,2408,2408,2408,2408,2408
20170822,31,31,31,31,485,485,485,6085,11085,12185,14185,15685,16185,17185,18685,18685,20285,20285,21285,21285,21785,23285,23285,24285,27285,27785,29285
20170819,4,4,4,4,4,4,4,4,4,4,4,4,4,4,4,4,4,4,4,4,4,4,4,4,4,4,4
20170818,17,0,0,0,0,0,0,2,2,2,2,2,2,2,2,2,2,2,2,2,2,2,2,2,2,2,2,2
20170817,2,0,0,0,0,0,500,500,500,500,500,500,500,500,500,1000,1000,1000,1000,1000,1000,1000,1500,1500,1500,1500,1500,1500,1500
20170816,12,0,0,0,0,0,0,5,5,5,5,5,5,5,5,5,505,505,505,505,505,505,505,505,505,505,505,505,505,505
