20170902,12,0|0
20170901,27,2|2300,1|1000
20170831,17,1|600,2|2000,1|600
20170830,29,1|500,3|1600,6|11300,4|3500
20170829,10,2|1000,3|2800,1|500,1|9,0|0
20170828,11,1|500,6|7000,1|1500,0|0,0|0,0|0
20170827,14,0|0,2|1100,3|5000,2|2800,2|1600,5|5200,3|4000
20170826,15,3|2600,5|3100,3|3000,2|2000,2|2000,1|500,0|0,1|500
20170825,15,0|0,0|0,0|0,0|0,2|2000,1|600,1|500,2|3800,1|1000
20170824,1,0|0,0|0,1|5000,0|0,0|0,0|0,0|0,0|0,0|0,0|0
20170823,8,0|0,0|0,0|0,0|0,0|0,0|0,0|0,0|0,0|0,0|0,0|0
20170822,31,2|454,0|0,0|0,3|5600,1|5000,2|1100,2|2000,1|1500,1|500,2|1000,1|1500,0|0
20170819,4,0|0,0|0,0|0,0|0,0|0,0|0,0|0,0|0,0|0,0|0,0|0,0|0,0|0,0|0,0|0
20170924,109,0|0,0|0,0|0,0|0,0|0,0|0,0|0,0|0,0|0,0|0,0|0,0|0,0|0,0|0,0|0
20170923,98,0|0,0|0,0|0,0|0,0|0,0|0,0|0,0|0,0|0,0|0,0|0,0|0,0|0,0|0,0|0
20170922,106,0|0,0|0,0|0,0|0,0|0,0|0,0|0,0|0,0|0,0|0,0|0,0|0,0|0,0|0,0|0
20170921,103,0|0,0|0,0|0,0|0,0|0,0|0,0|0,0|0,0|0,0|0,0|0,0|0,0|0,0|0,0|0
20170920,75,0|0,0|0,0|0,0|0,0|0,0|0,0|0,0|0,0|0,0|0,0|0,0|0,0|0,0|0,0|0
20170919,123,0|0,0|0,0|0,0|0,0|0,0|0,0|0,0|0,0|0,0|0,0|0,0|0,0|0,0|0,0|0
20170918,104,0|0,0|0,0|0,0|0,0|0,0|0,0|0,0|0,0|0,0|0,0|0,0|0,0|0,0|0,0|0
20170917,110,0|0,0|0,0|0,0|0,0|0,0|0,0|0,0|0,0|0,0|0,0|0,0|0,0|0,0|0,0|0
20170916,84,0|0,0|0,0|0,0|0,0|0,0|0,0|0,0|0,0|0,0|0,0|0,0|0,0|0,0|0,0|0
20170915,117,0|0,0|0,0|0,0|0,0|0,0|0,0|0,0|0,0|0,0|0,0|0,0|0,0|0,0|0,0|0
20170914,43,0|0,0|0,0|0,0|0,0|0,0|0,0|0,0|0,0|0,0|0,0|0,0|0,0|0,0|0,0|0
20170913,76,0|0,0|0,0|0,0|0,0|0,0|0,0|0,0|0,0|0,0|0,0|0,0|0,0|0,0|0,0|0
20170912,74,0|0,0|0,0|0,0|0,0|0,0|0,0|0,0|0,0|0,0|0,0|0,0|0,0|0,0|0,0|0
20170911,73,0|0,0|0,0|0,0|0,0|0,0|0,0|0,0|0,0|0,0|0,0|0,0|0,0|0,0|0,0|0
20170910,44,0|0,0|0,0|0,0|0,0|0,0|0,0|0,0|0,0|0,0|0,0|0,0|0,0|0,0|0,0|0
20170909,70,0|0,0|0,0|0,0|0,0|0,0|0,0|0,0|0,0|0,0|0,0|0,0|0,0|0,0|0,0|0
20170908,17,0|0,0|0,0|0,0|0,0|0,0|0,0|0,0|0,0|0,0|0,0|0,0|0,0|0,0|0,0|0
20170907,25,0|0,0|0,0|0,0|0,0|0,0|0,0|0,0|0,0|0,0|0,0|0,0|0,0|0,0|0,0|0
20170906,7,0|0,0|0,0|0,0|0,0|0,0|0,0|0,0|0,0|0,0|0,0|0,0|0,0|0,0|0,0|0
20170905,14,0|0,0|0,0|0,0|0,0|0,0|0,0|0,0|0,0|0,0|0,0|0,0|0,0|0,0|0,0|0
20170904,8,0|0,0|0,0|0,0|0,0|0,0|0,0|0,0|0,0|0,0|0,0|0,0|0,0|0,0|0,0|0
20170903,8,0|0,0|0,0|0,0|0,0|0,0|0,0|0,0|0,0|0,0|0,0|0,0|0,0|0,0|0,0|0
20170902,12,0|0,0|0,0|0,0|0,0|0,0|0,0|0,0|0,0|0,0|0,0|0,0|0,0|0,0|0,0|0
20170901,27,0|0,0|0,0|0,0|0,0|0,0|0,0|0,0|0,0|0,0|0,0|0,0|0,0|0,2|2300,1|1000
20170831,17,0|0,0|0,0|0,0|0,0|0,0|0,0|0,0|0,0|0,0|0,0|0,0|0,1|600,2|2000,1|600
20170830,29,0|0,0|0,0|0,0|0,0|0,0|0,1|1500,0|0,0|0,1|500,0|0,1|500,3|1600,6|11300,4|3500
20170829,10,0|0,0|0,0|0,0|0,0|0,0|0,0|0,0|0,0|0,0|0,2|1000,3|2800,1|500,1|9,0|0
20170828,11,0|0,0|0,0|0,0|0,0|0,0|0,0|0,0|0,0|0,1|500,6|7000,1|1500,0|0,0|0,0|0
20170827,14,0|0,0|0,0|0,0|0,0|0,0|0,0|0,0|0,0|0,2|1100,3|5000,2|2800,2|1600,5|5200,3|4000
20170826,15,0|0,0|0,0|0,0|0,0|0,0|0,0|0,3|2600,5|3100,3|3000,2|2000,2|2000,1|500,0|0,1|500
20170825,15,0|0,0|0,0|0,0|0,0|0,0|0,0|0,0|0,0|0,0|0,2|2000,1|600,1|500,2|3800,1|1000
20170824,1,0|0,0|0,0|0,0|0,0|0,0|0,0|0,1|5000,0|0,0|0,0|0,0|0,0|0,0|0,0|0
20170823,8,0|0,0|0,0|0,0|0,0|0,0|0,0|0,0|0,0|0,0|0,0|0,0|0,0|0,0|0,0|0
20170822,31,0|0,0|0,0|0,2|454,0|0,0|0,3|5600,1|5000,2|1100,2|2000,1|1500,1|500,2|1000,1|1500,0|0
20170819,4,0|0,0|0,0|0,0|0,0|0,0|0,0|0,0|0,0|0,0|0,0|0,0|0,0|0,0|0,0|0
20170818,17,0|0,0|0,0|0,0|0,0|0,0|0,1|2,0|0,0|0,0|0,0|0,0|0,0|0,0|0,0|0,0|0
20170817,2,0|0,0|0,0|0,0|0,0|0,1|500,0|0,0|0,0|0,0|0,0|0,0|0,0|0,0|0,1|500,0|0,0|0
20170816,12,0|0,0|0,0|0,0|0,0|0,0|0,1|5,0|0,0|0,0|0,0|0,0|0,0|0,0|0,0|0,1|500,0|0,0|0
