20171004,17,0|0
20171003,33,5|9100,4|8400
20171002,29,2|3000,4|7400,2|3600
20171001,44,4|8200,11|14400,5|9100,2|3500
20170930,104,11|12100,12|19700,16|20200,9|13000,9|13500
20170929,80,2|2600,9|11500,9|10400,10|12400,11|15600,4|5500
20170928,73,4|6900,6|15500,4|19700,4|15600,4|13800,2|4500,2|9000
20170927,92,5|5100,9|23600,7|11000,2|2000,3|6000,3|5500,2|2500,3|3500
20170926,108,3|1500,5|15200,4|7500,4|13000,2|8500,5|7000,8|15100,4|5000,4|7500
20170925,103,1|2400,6|5300,0|0,5|3000,3|1500,2|3500,3|3500,4|9000,2|1000,1|1000
20170924,109,6|7800,12|22000,6|7600,3|7100,5|7400,2|6600,2|5000,1|2500,4|3000,6|4500,1|1500
20170923,98,3|4900,8|11300,4|5500,5|5500,3|3000,4|3500,3|1500,2|1000,4|12000,4|6500,3|4500,2|3500
20170922,106,2|1000,1|1500,5|3000,3|2000,2|1500,2|2000,3|1500,0|0,0|0,1|500,0|0,1|500,1|1000
20170921,103,4|4600,6|8300,0|0,2|1500,1|500,3|3100,4|5500,2|5500,2|2500,0|0,3|5000,3|6500,2|6500,0|0
20170920,75,1|500,2|2600,5|8500,4|8000,8|7200,7|7100,2|7000,2|4500,1|2000,2|2000,2|2500,2|3500,3|5000,1|2000,4|8000
20170919,123,10|11500,8|14800,2|6000,2|2000,2|2000,4|6400,5|10200,2|1500,1|600,4|6800,2|1700,1|1500,3|4400,3|5300,2|3300,2|5700
20170918,104,7|12700,12|33400,6|15600,6|9100,6|6600,2|2000,3|11500,3|4000,2|2500,3|11500,2|4000,2|2000,1|5000,0|0,2|8000,2|5500,2|7000
20170917,110,4|4600,12|20000,12|22300,6|10500,6|30500,6|14500,7|19000,7|13000,5|14500,7|17500,8|13500,4|11000,7|15000,3|11000,6|16000,6|13000,6|14500,2|5000
20170916,84,2|2500,7|8700,6|5600,8|5600,3|3000,2|1500,3|3000,1|500,5|5500,7|9000,4|4500,6|6100,2|3000,5|5000,1|1500,2|3000,2|3000,1|500,2|2500
20170915,117,12|10100,5|6000,4|2500,8|8200,6|8000,3|10500,7|22000,5|9700,3|13100,5|15500,3|8000,3|8000,3|7500,2|3500,2|2000,2|3500,4|12500,4|7000,3|12000,2|3500
20170914,43,4|3800,2|3000,1|500,2|1000,0|0,0|0,0|0,1|600,0|0,0|0,0|0,0|0,0|0,0|0,0|0,0|0,0|0,0|0,0|0,0|0,0|0
20170913,76,9|14600,14|19500,0|0,3|2000,7|9000,3|9500,3|6000,3|8500,2|3000,3|4500,1|1000,2|2500,3|13500,3|4500,3|12000,3|9500,4|6500,2|5000,2|3000,2|5500,2|2000,1|1500
20170912,74,4|3600,5|3000,3|1600,2|2100,0|0,3|5000,2|7000,0|0,1|5000,2|1500,2|7500,2|4500,2|5500,2|6500,1|1500,1|500,1|500,1|5000,0|0,1|500,1|3000,1|5000,2|10000
20170911,73,8|19100,9|19600,4|5000,5|12000,1|2000,0|0,2|2000,3|4500,6|16000,2|3500,3|7500,3|9000,1|1500,3|1500,1|1000,0|0,0|0,0|0,0|0,0|0,0|0,0|0,0|0,0|0
20170910,44,2|1000,4|14100,2|3000,2|3000,3|6000,3|8500,2|2000,3|12000,2|3000,3|7000,1|2000,2|6500,1|500,4|9000,3|7000,2|5500,1|1000,0|0,0|0,3|4500,0|0,2|6500,1|3500,0|0,0|0
20170909,70,1|500,6|8400,4|7600,1|1500,2|3300,3|9900,1|1500,3|9800,2|5400,3|8500,2|4500,3|8000,4|16000,2|3000,2|6000,1|1500,2|6500,0|0,1|3000,1|3000,0|0,1|1500,1|1500,1|1500,0|0,1|5000
20170908,17,0|0,0|0,1|600,1|500,0|0,0|0,0|0,0|0,0|0,0|0,0|0,0|0,0|0,0|0,0|0,0|0,0|0,0|0,0|0,0|0,0|0,0|0,0|0,0|0,0|0,0|0,0|0
20170907,25,0|0,0|0,0|0,0|0,0|0,0|0,0|0,0|0,0|0,0|0,0|0,0|0,0|0,0|0,0|0,0|0,0|0,0|0,0|0,0|0,0|0,0|0,0|0,0|0,0|0,0|0,0|0,0|0
20170906,7,0|0,0|0,1|1800,0|0,0|0,0|0,0|0,1|2000,0|0,0|0,0|0,0|0,0|0,0|0,0|0,0|0,0|0,1|2500,1|2500,1|2000,1|1000,1|3500,1|2000,0|0,0|0,0|0,0|0,1|1000,1|1000
20170905,14,0|0,0|0,0|0,0|0,0|0,0|0,0|0,0|0,0|0,1|600,1|1800,0|0,1|2400,1|1200,1|600,0|0,0|0,0|0,0|0,0|0,0|0,0|0,0|0,0|0,0|0,0|0,0|0,0|0,0|0,1|500
20170904,8,0|0,0|0,0|0,0|0,0|0,0|0,0|0,0|0,0|0,0|0,0|0,0|0,0|0,0|0,0|0,0|0,0|0,0|0,0|0,0|0,0|0,0|0,0|0,0|0,0|0,0|0,0|0,0|0,0|0,0|0,0|0
20170903,8,0|0,2|5300,4|7000,2|6000,1|500,2|3000,1|500,1|500,1|1000,1|1000,0|0,1|500,1|1500,1|1500,1|500,0|0,0|0,0|0,0|0,0|0,0|0,1|500,0|0,0|0,0|0,0|0,0|0,0|0,0|0,0|0,0|0,0|0
20170902,12,0|0,0|0,1|500,1|3000,1|2000,0|0,1|500,1|1500,0|0,1|5000,0|0,0|0,0|0,0|0,0|0,1|5000,0|0,0|0,0|0,0|0,0|0,0|0,0|0,0|0,0|0,0|0,0|0,0|0,0|0,0|0,0|0,0|0,0|0
20170901,27,2|2300,1|1000,4|4000,3|4000,3|2500,3|5000,1|500,1|500,1|1500,1|500,1|3000,0|0,0|0,1|3000,1|2500,0|0,1|2500,1|1500,1|3000,1|500,1|2000,1|3500,1|2500,1|3500,1|3500,1|1500,1|2000,1|1500,1|1500,0|0,0|0,0|0,1|500,0|0
20170831,17,1|600,2|2000,1|600,3|4000,1|500,0|0,0|0,0|0,0|0,1|500,1|500,0|0,0|0,0|0,0|0,0|0,0|0,0|0,0|0,0|0,0|0,0|0,0|0,0|0,0|0,0|0,0|0,0|0,0|0,0|0,0|0,0|0,0|0,0|0,0|0
20170830,29,1|500,3|1600,6|11300,4|3500,4|6000,2|2500,2|3000,0|0,1|500,1|2000,0|0,2|1000,1|1500,1|500,1|1000,1|1500,0|0,2|2000,0|0,0|0,0|0,2|4000,1|1500,1|3500,1|3000,1|2500,1|1500,1|2000,1|2000,1|1500,2|3000,1|500,0|0,1|500,1|500,1|1000
20170829,10,2|1000,3|2800,1|500,1|9,0|0,1|500,1|2100,0|0,0|0,0|0,0|0,1|500,0|0,1|500,0|0,0|0,0|0,0|0,0|0,0|0,0|0,0|0,0|0,0|0,0|0,0|0,0|0,0|0,0|0,0|0,0|0,0|0,0|0,0|0,0|0,0|0,0|0
20170828,11,1|500,6|7000,1|1500,0|0,0|0,0|0,0|0,0|0,0|0,0|0,1|500,0|0,1|1500,0|0,0|0,0|0,0|0,1|1500,0|0,1|6500,0|0,0|0,0|0,0|0,0|0,0|0,0|0,0|0,1|500,0|0,0|0,1|500,0|0,0|0,0|0,0|0,0|0,0|0
20170827,14,0|0,2|1100,3|5000,2|2800,2|1600,5|5200,3|4000,3|4500,2|2100,3|5500,0|0,0|0,2|2500,0|0,3|4000,2|5500,1|1500,2|3500,1|5000,1|3000,2|4000,1|4500,1|3000,1|4500,1|2500,2|5500,1|500,0|0,0|0,0|0,0|0,0|0,0|0,0|0,1|6000,0|0,0|0,0|0,0|0
20170826,15,3|2600,5|3100,3|3000,2|2000,2|2000,1|500,0|0,1|500,2|1000,2|1500,4|9000,2|2000,2|2500,4|4000,1|500,3|2500,3|4000,2|2500,0|0,4|12500,3|3500,2|3500,1|500,1|1000,4|3500,2|3000,1|1000,1|500,2|1000,2|1500,2|1000,0|0,0|0,0|0,0|0,0|0,0|0,0|0,0|0,0|0
20170825,15,0|0,0|0,0|0,0|0,2|2000,1|600,1|500,2|3800,1|1000,1|500,0|0,0|0,1|1500,0|0,1|1000,0|0,0|0,1|1800,0|0,0|0,0|0,0|0,0|0,1|1500,0|0,0|0,0|0,0|0,0|0,0|0,0|0,0|0,0|0,0|0,0|0,0|0,0|0,0|0,0|0,0|0,0|0
20170824,1,0|0,0|0,1|5000,0|0,0|0,0|0,0|0,0|0,0|0,0|0,0|0,0|0,0|0,0|0,0|0,0|0,0|0,0|0,0|0,0|0,0|0,0|0,0|0,0|0,0|0,0|0,0|0,0|0,0|0,0|0,0|0,0|0,0|0,0|0,0|0,0|0,0|0,0|0,0|0,0|0,0|0,0|0
20170823,8,0|0,0|0,0|0,0|0,0|0,0|0,0|0,0|0,0|0,0|0,0|0,0|0,1|2400,0|0,0|0,0|0,0|0,0|0,0|0,0|0,0|0,0|0,0|0,0|0,0|0,0|0,0|0,0|0,0|0,0|0,0|0,0|0,0|0,0|0,0|0,0|0,0|0,0|0,0|0,0|0,0|0,0|0,0|0
20170822,31,2|454,0|0,0|0,3|5600,1|5000,2|1100,2|2000,1|1500,1|500,2|1000,1|1500,0|0,2|1600,0|0,1|1000,0|0,1|500,1|1500,0|0,1|1000,1|3000,1|500,1|1500,1|2000,1|1000,1|2000,1|1500,1|1500,1|3500,1|3500,1|500,1|2500,1|2000,1|500,1|2500,0|0,0|0,1|1500,1|1000,1|500,0|0,1|500,0|0,0|0
20170819,4,0|0,0|0,0|0,0|0,0|0,0|0,0|0,0|0,0|0,0|0,0|0,0|0,0|0,0|0,0|0,0|0,0|0,0|0,0|0,0|0,0|0,0|0,0|0,0|0,0|0,0|0,0|0,0|0,0|0,0|0,0|0,0|0,0|0,0|0,0|0,0|0,0|0,0|0,0|0,0|0,0|0,0|0,0|0,0|0,0|0,0|0,0|0
20170924,109,0|0,0|0,0|0,0|0,0|0,0|0,0|0,0|0,0|0,0|0,0|0,0|0,0|0,0|0,0|0,0|0,0|0,0|0,0|0,0|0,0|0,0|0,0|0,0|0,0|0,0|0,0|0,0|0,0|0,0|0,0|0,0|0,0|0,0|0,0|0,0|0,6|7800,12|22000,6|7600,3|7100,5|7400,2|6600,2|5000,1|2500,4|3000,6|4500,1|1500
20170923,98,0|0,0|0,0|0,0|0,0|0,0|0,0|0,0|0,0|0,0|0,0|0,0|0,0|0,0|0,0|0,0|0,0|0,0|0,0|0,0|0,0|0,0|0,0|0,0|0,0|0,0|0,0|0,0|0,0|0,0|0,0|0,0|0,0|0,0|0,0|0,3|4900,8|11300,4|5500,5|5500,3|3000,4|3500,3|1500,2|1000,4|12000,4|6500,3|4500,2|3500
20170922,106,0|0,0|0,0|0,0|0,0|0,0|0,0|0,0|0,0|0,0|0,0|0,0|0,0|0,0|0,0|0,0|0,0|0,0|0,0|0,0|0,0|0,0|0,0|0,0|0,0|0,0|0,0|0,0|0,0|0,0|0,0|0,0|0,0|0,0|0,2|1000,1|1500,5|3000,3|2000,2|1500,2|2000,3|1500,0|0,0|0,1|500,0|0,1|500,1|1000
20170921,103,0|0,0|0,0|0,0|0,0|0,0|0,0|0,0|0,0|0,0|0,0|0,0|0,0|0,0|0,0|0,0|0,0|0,0|0,0|0,0|0,0|0,0|0,0|0,0|0,0|0,0|0,0|0,0|0,0|0,0|0,0|0,0|0,0|0,4|4600,6|8300,0|0,2|1500,1|500,3|3100,4|5500,2|5500,2|2500,0|0,3|5000,3|6500,2|6500,0|0
20170920,75,0|0,0|0,0|0,0|0,0|0,0|0,0|0,0|0,0|0,0|0,0|0,0|0,0|0,0|0,0|0,0|0,0|0,0|0,0|0,0|0,0|0,0|0,0|0,0|0,0|0,0|0,0|0,0|0,0|0,0|0,0|0,0|0,1|500,2|2600,5|8500,4|8000,8|7200,7|7100,2|7000,2|4500,1|2000,2|2000,2|2500,2|3500,3|5000,1|2000,4|8000
20170919,123,0|0,0|0,0|0,0|0,0|0,0|0,0|0,0|0,0|0,0|0,0|0,0|0,0|0,0|0,0|0,0|0,0|0,0|0,0|0,0|0,0|0,0|0,0|0,0|0,0|0,0|0,0|0,0|0,0|0,0|0,0|0,10|11500,8|14800,2|6000,2|2000,2|2000,4|6400,5|10200,2|1500,1|600,4|6800,2|1700,1|1500,3|4400,3|5300,2|3300,2|5700
20170918,104,0|0,0|0,0|0,0|0,0|0,0|0,0|0,0|0,0|0,0|0,0|0,0|0,0|0,0|0,0|0,0|0,0|0,0|0,0|0,0|0,0|0,0|0,0|0,0|0,0|0,0|0,0|0,0|0,0|0,0|0,7|12700,12|33400,6|15600,6|9100,6|6600,2|2000,3|11500,3|4000,2|2500,3|11500,2|4000,2|2000,1|5000,0|0,2|8000,2|5500,2|7000
20170917,110,0|0,0|0,0|0,0|0,0|0,0|0,0|0,0|0,0|0,0|0,0|0,0|0,0|0,0|0,0|0,0|0,0|0,0|0,0|0,0|0,0|0,0|0,0|0,0|0,0|0,0|0,0|0,0|0,0|0,4|4600,12|20000,12|22300,6|10500,6|30500,6|14500,7|19000,7|13000,5|14500,7|17500,8|13500,4|11000,7|15000,3|11000,6|16000,6|13000,6|14500,2|5000
20170916,84,0|0,0|0,0|0,0|0,0|0,0|0,0|0,0|0,0|0,0|0,0|0,0|0,0|0,0|0,0|0,0|0,0|0,0|0,0|0,0|0,0|0,0|0,0|0,0|0,0|0,0|0,0|0,0|0,2|2500,7|8700,6|5600,8|5600,3|3000,2|1500,3|3000,1|500,5|5500,7|9000,4|4500,6|6100,2|3000,5|5000,1|1500,2|3000,2|3000,1|500,2|2500
20170915,117,0|0,0|0,0|0,0|0,0|0,0|0,0|0,0|0,0|0,0|0,0|0,0|0,0|0,0|0,0|0,0|0,0|0,0|0,0|0,0|0,0|0,0|0,0|0,0|0,1|500,0|0,0|0,12|10100,5|6000,4|2500,8|8200,6|8000,3|10500,7|22000,5|9700,3|13100,5|15500,3|8000,3|8000,3|7500,2|3500,2|2000,2|3500,4|12500,4|7000,3|12000,2|3500
20170914,43,0|0,0|0,0|0,0|0,0|0,0|0,0|0,0|0,0|0,0|0,0|0,0|0,0|0,0|0,0|0,0|0,0|0,0|0,0|0,0|0,0|0,0|0,0|0,0|0,0|0,0|0,4|3800,2|3000,1|500,2|1000,0|0,0|0,0|0,1|600,0|0,0|0,0|0,0|0,0|0,0|0,0|0,0|0,0|0,0|0,0|0,0|0,0|0
20170913,76,0|0,0|0,0|0,0|0,0|0,0|0,0|0,0|0,0|0,0|0,0|0,0|0,0|0,0|0,0|0,0|0,0|0,0|0,0|0,0|0,0|0,0|0,0|0,0|0,0|0,9|14600,14|19500,0|0,3|2000,7|9000,3|9500,3|6000,3|8500,2|3000,3|4500,1|1000,2|2500,3|13500,3|4500,3|12000,3|9500,4|6500,2|5000,2|3000,2|5500,2|2000,1|1500
20170912,74,0|0,0|0,0|0,0|0,0|0,0|0,0|0,0|0,0|0,0|0,0|0,0|0,0|0,0|0,0|0,0|0,0|0,0|0,0|0,0|0,0|0,0|0,0|0,0|0,4|3600,5|3000,3|1600,2|2100,0|0,3|5000,2|7000,0|0,1|5000,2|1500,2|7500,2|4500,2|5500,2|6500,1|1500,1|500,1|500,1|5000,0|0,1|500,1|3000,1|5000,2|10000
20170911,73,0|0,0|0,0|0,0|0,0|0,0|0,0|0,0|0,0|0,0|0,0|0,0|0,0|0,0|0,0|0,0|0,0|0,0|0,0|0,0|0,0|0,0|0,0|0,8|19100,9|19600,4|5000,5|12000,1|2000,0|0,2|2000,3|4500,6|16000,2|3500,3|7500,3|9000,1|1500,3|1500,1|1000,0|0,0|0,0|0,0|0,0|0,0|0,0|0,0|0,0|0
20170910,44,0|0,0|0,0|0,0|0,0|0,0|0,0|0,0|0,0|0,0|0,0|0,0|0,0|0,0|0,0|0,0|0,0|0,0|0,0|0,0|0,0|0,0|0,2|1000,4|14100,2|3000,2|3000,3|6000,3|8500,2|2000,3|12000,2|3000,3|7000,1|2000,2|6500,1|500,4|9000,3|7000,2|5500,1|1000,0|0,0|0,3|4500,0|0,2|6500,1|3500,0|0,0|0
20170909,70,0|0,0|0,0|0,0|0,0|0,0|0,0|0,0|0,0|0,0|0,0|0,0|0,0|0,0|0,0|0,0|0,0|0,0|0,0|0,0|0,0|0,1|500,6|8400,4|7600,1|1500,2|3300,3|9900,1|1500,3|9800,2|5400,3|8500,2|4500,3|8000,4|16000,2|3000,2|6000,1|1500,2|6500,0|0,1|3000,1|3000,0|0,1|1500,1|1500,1|1500,0|0,1|5000
20170908,17,0|0,0|0,0|0,0|0,0|0,0|0,0|0,0|0,0|0,0|0,0|0,0|0,0|0,0|0,0|0,0|0,0|0,0|0,0|0,0|0,0|0,0|0,1|600,1|500,0|0,0|0,0|0,0|0,0|0,0|0,0|0,0|0,0|0,0|0,0|0,0|0,0|0,0|0,0|0,0|0,0|0,0|0,0|0,0|0,0|0,0|0,0|0
20170907,25,0|0,0|0,0|0,0|0,0|0,0|0,0|0,0|0,0|0,0|0,0|0,0|0,0|0,0|0,0|0,0|0,0|0,0|0,0|0,0|0,0|0,0|0,0|0,0|0,0|0,0|0,0|0,0|0,0|0,0|0,0|0,0|0,0|0,0|0,0|0,0|0,0|0,0|0,0|0,0|0,0|0,0|0,0|0,0|0,0|0,0|0,0|0
20170906,7,0|0,0|0,0|0,0|0,0|0,0|0,0|0,0|0,0|0,0|0,0|0,0|0,0|0,0|0,0|0,0|0,0|0,0|0,0|0,0|0,1|1800,0|0,0|0,0|0,0|0,1|2000,0|0,0|0,0|0,0|0,0|0,0|0,0|0,0|0,0|0,1|2500,1|2500,1|2000,1|1000,1|3500,1|2000,0|0,0|0,0|0,0|0,1|1000,1|1000
20170905,14,0|0,0|0,0|0,0|0,0|0,0|0,0|0,0|0,0|0,0|0,0|0,0|0,0|0,0|0,0|0,0|0,0|0,0|0,0|0,0|0,0|0,0|0,0|0,0|0,0|0,0|0,1|600,1|1800,0|0,1|2400,1|1200,1|600,0|0,0|0,0|0,0|0,0|0,0|0,0|0,0|0,0|0,0|0,0|0,0|0,0|0,0|0,1|500
20170904,8,0|0,0|0,0|0,0|0,0|0,0|0,0|0,0|0,0|0,0|0,0|0,0|0,0|0,0|0,0|0,0|0,0|0,0|0,0|0,0|0,0|0,0|0,0|0,0|0,0|0,0|0,0|0,0|0,0|0,0|0,0|0,0|0,0|0,0|0,0|0,0|0,0|0,0|0,0|0,0|0,0|0,0|0,0|0,0|0,0|0,0|0,0|0
20170903,8,0|0,0|0,0|0,0|0,0|0,0|0,0|0,0|0,0|0,0|0,0|0,0|0,0|0,0|0,0|0,0|0,2|5300,4|7000,2|6000,1|500,2|3000,1|500,1|500,1|1000,1|1000,0|0,1|500,1|1500,1|1500,1|500,0|0,0|0,0|0,0|0,0|0,0|0,1|500,0|0,0|0,0|0,0|0,0|0,0|0,0|0,0|0,0|0,0|0
20170902,12,0|0,0|0,0|0,0|0,0|0,0|0,0|0,0|0,0|0,0|0,0|0,0|0,0|0,0|0,0|0,0|0,1|500,1|3000,1|2000,0|0,1|500,1|1500,0|0,1|5000,0|0,0|0,0|0,0|0,0|0,1|5000,0|0,0|0,0|0,0|0,0|0,0|0,0|0,0|0,0|0,0|0,0|0,0|0,0|0,0|0,0|0,0|0,0|0
20170901,27,0|0,0|0,0|0,0|0,0|0,0|0,0|0,0|0,0|0,0|0,0|0,0|0,0|0,2|2300,1|1000,4|4000,3|4000,3|2500,3|5000,1|500,1|500,1|1500,1|500,1|3000,0|0,0|0,1|3000,1|2500,0|0,1|2500,1|1500,1|3000,1|500,1|2000,1|3500,1|2500,1|3500,1|3500,1|1500,1|2000,1|1500,1|1500,0|0,0|0,0|0,1|500,0|0
20170831,17,0|0,0|0,0|0,0|0,0|0,0|0,0|0,0|0,0|0,0|0,0|0,0|0,1|600,2|2000,1|600,3|4000,1|500,0|0,0|0,0|0,0|0,1|500,1|500,0|0,0|0,0|0,0|0,0|0,0|0,0|0,0|0,0|0,0|0,0|0,0|0,0|0,0|0,0|0,0|0,0|0,0|0,0|0,0|0,0|0,0|0,0|0,0|0
20170830,29,0|0,0|0,0|0,0|0,0|0,0|0,1|1500,0|0,0|0,1|500,0|0,1|500,3|1600,6|11300,4|3500,4|6000,2|2500,2|3000,0|0,1|500,1|2000,0|0,2|1000,1|1500,1|500,1|1000,1|1500,0|0,2|2000,0|0,0|0,0|0,2|4000,1|1500,1|3500,1|3000,1|2500,1|1500,1|2000,1|2000,1|1500,2|3000,1|500,0|0,1|500,1|500,1|1000
20170829,10,0|0,0|0,0|0,0|0,0|0,0|0,0|0,0|0,0|0,0|0,2|1000,3|2800,1|500,1|9,0|0,1|500,1|2100,0|0,0|0,0|0,0|0,1|500,0|0,1|500,0|0,0|0,0|0,0|0,0|0,0|0,0|0,0|0,0|0,0|0,0|0,0|0,0|0,0|0,0|0,0|0,0|0,0|0,0|0,0|0,0|0,0|0,0|0
20170828,11,0|0,0|0,0|0,0|0,0|0,0|0,0|0,0|0,0|0,1|500,6|7000,1|1500,0|0,0|0,0|0,0|0,0|0,0|0,0|0,1|500,0|0,1|1500,0|0,0|0,0|0,0|0,1|1500,0|0,1|6500,0|0,0|0,0|0,0|0,0|0,0|0,0|0,0|0,1|500,0|0,0|0,1|500,0|0,0|0,0|0,0|0,0|0,0|0
20170827,14,0|0,0|0,0|0,0|0,0|0,0|0,0|0,0|0,0|0,2|1100,3|5000,2|2800,2|1600,5|5200,3|4000,3|4500,2|2100,3|5500,0|0,0|0,2|2500,0|0,3|4000,2|5500,1|1500,2|3500,1|5000,1|3000,2|4000,1|4500,1|3000,1|4500,1|2500,2|5500,1|500,0|0,0|0,0|0,0|0,0|0,0|0,0|0,1|6000,0|0,0|0,0|0,0|0
20170826,15,0|0,0|0,0|0,0|0,0|0,0|0,0|0,3|2600,5|3100,3|3000,2|2000,2|2000,1|500,0|0,1|500,2|1000,2|1500,4|9000,2|2000,2|2500,4|4000,1|500,3|2500,3|4000,2|2500,0|0,4|12500,3|3500,2|3500,1|500,1|1000,4|3500,2|3000,1|1000,1|500,2|1000,2|1500,2|1000,0|0,0|0,0|0,0|0,0|0,0|0,0|0,0|0,0|0
20170825,15,0|0,0|0,0|0,0|0,0|0,0|0,0|0,0|0,0|0,0|0,2|2000,1|600,1|500,2|3800,1|1000,1|500,0|0,0|0,1|1500,0|0,1|1000,0|0,0|0,1|1800,0|0,0|0,0|0,0|0,0|0,1|1500,0|0,0|0,0|0,0|0,0|0,0|0,0|0,0|0,0|0,0|0,0|0,0|0,0|0,0|0,0|0,0|0,0|0
20170824,1,0|0,0|0,0|0,0|0,0|0,0|0,0|0,1|5000,0|0,0|0,0|0,0|0,0|0,0|0,0|0,0|0,0|0,0|0,0|0,0|0,0|0,0|0,0|0,0|0,0|0,0|0,0|0,0|0,0|0,0|0,0|0,0|0,0|0,0|0,0|0,0|0,0|0,0|0,0|0,0|0,0|0,0|0,0|0,0|0,0|0,0|0,0|0
20170823,8,0|0,0|0,0|0,0|0,0|0,0|0,0|0,0|0,0|0,0|0,0|0,0|0,0|0,0|0,0|0,0|0,1|2400,0|0,0|0,0|0,0|0,0|0,0|0,0|0,0|0,0|0,0|0,0|0,0|0,0|0,0|0,0|0,0|0,0|0,0|0,0|0,0|0,0|0,0|0,0|0,0|0,0|0,0|0,0|0,0|0,0|0,0|0
20170822,31,0|0,0|0,0|0,2|454,0|0,0|0,3|5600,1|5000,2|1100,2|2000,1|1500,1|500,2|1000,1|1500,0|0,2|1600,0|0,1|1000,0|0,1|500,1|1500,0|0,1|1000,1|3000,1|500,1|1500,1|2000,1|1000,1|2000,1|1500,1|1500,1|3500,1|3500,1|500,1|2500,1|2000,1|500,1|2500,0|0,0|0,1|1500,1|1000,1|500,0|0,1|500,0|0,0|0
20170819,4,0|0,0|0,0|0,0|0,0|0,0|0,0|0,0|0,0|0,0|0,0|0,0|0,0|0,0|0,0|0,0|0,0|0,0|0,0|0,0|0,0|0,0|0,0|0,0|0,0|0,0|0,0|0,0|0,0|0,0|0,0|0,0|0,0|0,0|0,0|0,0|0,0|0,0|0,0|0,0|0,0|0,0|0,0|0,0|0,0|0,0|0,0|0
20170818,17,0|0,0|0,0|0,0|0,0|0,0|0,1|2,0|0,0|0,0|0,0|0,0|0,0|0,0|0,0|0,0|0,0|0,0|0,0|0,0|0,0|0,0|0,0|0,0|0,0|0,0|0,0|0,0|0,0|0,0|0,0|0,0|0,0|0,0|0,0|0,0|0,0|0,0|0,0|0,0|0,0|0,0|0,0|0,0|0,0|0,0|0,0|0,0|0
20170817,2,0|0,0|0,0|0,0|0,0|0,1|500,0|0,0|0,0|0,0|0,0|0,0|0,0|0,0|0,1|500,0|0,0|0,0|0,0|0,0|0,0|0,1|500,0|0,0|0,0|0,0|0,0|0,0|0,0|0,0|0,0|0,0|0,0|0,0|0,0|0,0|0,0|0,0|0,0|0,0|0,0|0,0|0,0|0,0|0,0|0,0|0,0|0,0|0,0|0
20170816,12,0|0,0|0,0|0,0|0,0|0,0|0,1|5,0|0,0|0,0|0,0|0,0|0,0|0,0|0,0|0,1|500,0|0,0|0,0|0,0|0,0|0,0|0,0|0,0|0,0|0,0|0,0|0,0|0,0|0,0|0,0|0,0|0,0|0,0|0,0|0,1|500,0|0,0|0,1|500,0|0,0|0,0|0,0|0,0|0,1|500,0|0,0|0,0|0,0|0,0|0
