20170904,8,0
20170903,8,0,5300
20170902,12,0,0,500
20170901,27,2300,3300,7300,11300
20170831,17,600,2600,3200,7200,7700
20170830,29,500,2100,13400,16900,22900,25400
20170829,10,1000,3800,4300,4309,4309,4809,6909
20170828,11,500,7500,9000,9000,9000,9000,9000,9000
20170827,14,0,1100,6100,8900,10500,15700,19700,24200,26300
20170826,15,2600,5700,8700,10700,12700,13200,13200,13700,14700,16200
20170825,15,0,0,0,0,2000,2600,3100,6900,7900,8400,8400
20170824,1,0,0,5000,5000,5000,5000,5000,5000,5000,5000,5000,5000
20170823,8,0,0,0,0,0,0,0,0,0,0,0,0,2400
20170822,31,454,454,454,6054,11054,12154,14154,15654,16154,17154,18654,18654,20254,20254
20170819,4,0,0,0,0,0,0,0,0,0,0,0,0,0,0,0,0,0
20170924,109,109,109,109,109,109,109,109,109,109,109,109,109,109,109,109,109,109
20170923,98,98,98,98,98,98,98,98,98,98,98,98,98,98,98,98,98,98
20170922,106,106,106,106,106,106,106,106,106,106,106,106,106,106,106,106,106,106
20170921,103,103,103,103,103,103,103,103,103,103,103,103,103,103,103,103,103,103
20170920,75,75,75,75,75,75,75,75,75,75,75,75,75,75,75,75,75,75
20170919,123,123,123,123,123,123,123,123,123,123,123,123,123,123,123,123,123,123
20170918,104,104,104,104,104,104,104,104,104,104,104,104,104,104,104,104,104,104
20170917,110,110,110,110,110,110,110,110,110,110,110,110,110,110,110,110,110,110
20170916,84,84,84,84,84,84,84,84,84,84,84,84,84,84,84,84,84,84
20170915,117,117,117,117,117,117,117,117,117,117,117,117,117,117,117,117,117,117
20170914,43,43,43,43,43,43,43,43,43,43,43,43,43,43,43,43,43,43
20170913,76,76,76,76,76,76,76,76,76,76,76,76,76,76,76,76,76,76
20170912,74,74,74,74,74,74,74,74,74,74,74,74,74,74,74,74,74,74
20170911,73,73,73,73,73,73,73,73,73,73,73,73,73,73,73,73,73,73
20170910,44,44,44,44,44,44,44,44,44,44,44,44,44,44,44,44,44,44
20170909,70,70,70,70,70,70,70,70,70,70,70,70,70,70,70,70,70,70
20170908,17,17,17,17,17,17,17,17,17,17,17,17,17,17,17,17,17,17
20170907,25,25,25,25,25,25,25,25,25,25,25,25,25,25,25,25,25,25
20170906,7,7,7,7,7,7,7,7,7,7,7,7,7,7,7,7,7,7
20170905,14,14,14,14,14,14,14,14,14,14,14,14,14,14,14,14,14,14
20170904,8,8,8,8,8,8,8,8,8,8,8,8,8,8,8,8,8,8
20170903,8,8,8,8,8,8,8,8,8,8,8,8,8,8,8,8,8,5308
20170902,12,12,12,12,12,12,12,12,12,12,12,12,12,12,12,12,12,512
20170901,27,27,27,27,27,27,27,27,27,27,27,27,27,27,2327,3327,7327,11327
20170831,17,17,17,17,17,17,17,17,17,17,17,17,17,617,2617,3217,7217,7717
20170830,29,29,29,29,29,29,29,1529,1529,1529,2029,2029,2529,4129,15429,18929,24929,27429
20170829,10,10,10,10,10,10,10,10,10,10,10,1010,3810,4310,4319,4319,4819,6919
20170828,11,11,11,11,11,11,11,11,11,11,511,7511,9011,9011,9011,9011,9011,9011
20170827,14,14,14,14,14,14,14,14,14,14,1114,6114,8914,10514,15714,19714,24214,26314
20170826,15,15,15,15,15,15,15,15,2615,5715,8715,10715,12715,13215,13215,13715,14715,16215
20170825,15,15,15,15,15,15,15,15,15,15,15,2015,2615,3115,6915,7915,8415,8415
20170824,1,1,1,1,1,1,1,1,5001,5001,5001,5001,5001,5001,5001,5001,5001,5001
20170823,8,8,8,8,8,8,8,8,8,8,8,8,8,8,8,8,8,2408
20170822,31,31,31,31,485,485,485,6085,11085,12185,14185,15685,16185,17185,18685,18685,20285,20285
20170819,4,4,4,4,4,4,4,4,4,4,4,4,4,4,4,4,4,4
20170818,17,0,0,0,0,0,0,2,2,2,2,2,2,2,2,2,2,2,2
20170817,2,0,0,0,0,0,500,500,500,500,500,500,500,500,500,1000,1000,1000,1000,1000
20170816,12,0,0,0,0,0,0,5,5,5,5,5,5,5,5,5,505,505,505,505,505
