20170921,103,4600
20170920,75,500,3100
20170919,123,11500,26300,32300
20170918,104,12700,46100,61700,70800
20170917,110,4600,24600,46900,57400,87900
20170916,84,2500,11200,16800,22400,25400,26900
20170915,117,10100,16100,18600,26800,34800,45300,67300
20170914,43,3800,6800,7300,8300,8300,8300,8300,8900
20170913,76,14600,34100,34100,36100,45100,54600,60600,69100,72100
20170912,74,3600,6600,8200,10300,10300,15300,22300,22300,27300,28800
20170911,73,19100,38700,43700,55700,57700,57700,59700,64200,80200,83700,91200
20170910,44,1000,15100,18100,21100,27100,35600,37600,49600,52600,59600,61600,68100
20170909,70,500,8900,16500,18000,21300,31200,32700,42500,47900,56400,60900,68900,84900
20170908,17,0,0,600,1100,1100,1100,1100,1100,1100,1100,1100,1100,1100,1100
20170907,25,0,0,0,0,0,0,0,0,0,0,0,0,0,0,0
20170906,7,0,0,1800,1800,1800,1800,1800,3800,3800,3800,3800,3800,3800,3800,3800,3800
20170905,14,0,0,0,0,0,0,0,0,0,600,2400,2400,4800,6000,6600,6600,6600
20170904,8,0,0,0,0,0,0,0,0,0,0,0,0,0,0,0,0,0,0
20170903,8,0,5300,12300,18300,18800,21800,22300,22800,23800,24800,24800,25300,26800,28300,28800,28800,28800,28800,28800
20170902,12,0,0,500,3500,5500,5500,6000,7500,7500,12500,12500,12500,12500,12500,12500,17500,17500,17500,17500,17500
20170901,27,2300,3300,7300,11300,13800,18800,19300,19800,21300,21800,24800,24800,24800,27800,30300,30300,32800,34300,37300,37800,39800
20170831,17,600,2600,3200,7200,7700,7700,7700,7700,7700,8200,8700,8700,8700,8700,8700,8700,8700,8700,8700,8700,8700,8700
20170830,29,500,2100,13400,16900,22900,25400,28400,28400,28900,30900,30900,31900,33400,33900,34900,36400,36400,38400,38400,38400,38400,42400,43900
20170829,10,1000,3800,4300,4309,4309,4809,6909,6909,6909,6909,6909,7409,7409,7909,7909,7909,7909,7909,7909,7909,7909,7909,7909,7909
20170828,11,500,7500,9000,9000,9000,9000,9000,9000,9000,9000,9500,9500,11000,11000,11000,11000,11000,12500,12500,19000,19000,19000,19000,19000,19000
20170827,14,0,1100,6100,8900,10500,15700,19700,24200,26300,31800,31800,31800,34300,34300,38300,43800,45300,48800,53800,56800,60800,65300,68300,72800,75300,80800
20170826,15,2600,5700,8700,10700,12700,13200,13200,13700,14700,16200,25200,27200,29700,33700,34200,36700,40700,43200,43200,55700,59200,62700,63200,64200,67700,70700,71700
20170825,15,0,0,0,0,2000,2600,3100,6900,7900,8400,8400,8400,9900,9900,10900,10900,10900,12700,12700,12700,12700,12700,12700,14200,14200,14200,14200,14200
20170824,1,0,0,5000,5000,5000,5000,5000,5000,5000,5000,5000,5000,5000,5000,5000,5000,5000,5000,5000,5000,5000,5000,5000,5000,5000,5000,5000,5000,5000
20170823,8,0,0,0,0,0,0,0,0,0,0,0,0,2400,2400,2400,2400,2400,2400,2400,2400,2400,2400,2400,2400,2400,2400,2400,2400,2400,2400
20170822,31,454,454,454,6054,11054,12154,14154,15654,16154,17154,18654,18654,20254,20254,21254,21254,21754,23254,23254,24254,27254,27754,29254,31254,32254,34254,35754,37254,40754,44254,44754
20170819,4,0,0,0,0,0,0,0,0,0,0,0,0,0,0,0,0,0,0,0,0,0,0,0,0,0,0,0,0,0,0,0,0,0,0
20170924,109,109,109,109,109,109,109,109,109,109,109,109,109,109,109,109,109,109,109,109,109,109,109,109,109,109,109,109,109,109,109,109,109,109,109
20170923,98,98,98,98,98,98,98,98,98,98,98,98,98,98,98,98,98,98,98,98,98,98,98,98,98,98,98,98,98,98,98,98,98,98,98
20170922,106,106,106,106,106,106,106,106,106,106,106,106,106,106,106,106,106,106,106,106,106,106,106,106,106,106,106,106,106,106,106,106,106,106,106
20170921,103,103,103,103,103,103,103,103,103,103,103,103,103,103,103,103,103,103,103,103,103,103,103,103,103,103,103,103,103,103,103,103,103,103,4703
20170920,75,75,75,75,75,75,75,75,75,75,75,75,75,75,75,75,75,75,75,75,75,75,75,75,75,75,75,75,75,75,75,75,75,575,3175
20170919,123,123,123,123,123,123,123,123,123,123,123,123,123,123,123,123,123,123,123,123,123,123,123,123,123,123,123,123,123,123,123,123,11623,26423,32423
20170918,104,104,104,104,104,104,104,104,104,104,104,104,104,104,104,104,104,104,104,104,104,104,104,104,104,104,104,104,104,104,104,12804,46204,61804,70904
20170917,110,110,110,110,110,110,110,110,110,110,110,110,110,110,110,110,110,110,110,110,110,110,110,110,110,110,110,110,110,110,4710,24710,47010,57510,88010
20170916,84,84,84,84,84,84,84,84,84,84,84,84,84,84,84,84,84,84,84,84,84,84,84,84,84,84,84,84,84,2584,11284,16884,22484,25484,26984
20170915,117,117,117,117,117,117,117,117,117,117,117,117,117,117,117,117,117,117,117,117,117,117,117,117,117,617,617,617,10717,16717,19217,27417,35417,45917,67917
20170914,43,43,43,43,43,43,43,43,43,43,43,43,43,43,43,43,43,43,43,43,43,43,43,43,43,43,43,3843,6843,7343,8343,8343,8343,8343,8943
20170913,76,76,76,76,76,76,76,76,76,76,76,76,76,76,76,76,76,76,76,76,76,76,76,76,76,76,14676,34176,34176,36176,45176,54676,60676,69176,72176
20170912,74,74,74,74,74,74,74,74,74,74,74,74,74,74,74,74,74,74,74,74,74,74,74,74,74,3674,6674,8274,10374,10374,15374,22374,22374,27374,28874
20170911,73,73,73,73,73,73,73,73,73,73,73,73,73,73,73,73,73,73,73,73,73,73,73,73,19173,38773,43773,55773,57773,57773,59773,64273,80273,83773,91273
20170910,44,44,44,44,44,44,44,44,44,44,44,44,44,44,44,44,44,44,44,44,44,44,44,1044,15144,18144,21144,27144,35644,37644,49644,52644,59644,61644,68144
20170909,70,70,70,70,70,70,70,70,70,70,70,70,70,70,70,70,70,70,70,70,70,70,570,8970,16570,18070,21370,31270,32770,42570,47970,56470,60970,68970,84970
20170908,17,17,17,17,17,17,17,17,17,17,17,17,17,17,17,17,17,17,17,17,17,17,17,617,1117,1117,1117,1117,1117,1117,1117,1117,1117,1117,1117
20170907,25,25,25,25,25,25,25,25,25,25,25,25,25,25,25,25,25,25,25,25,25,25,25,25,25,25,25,25,25,25,25,25,25,25,25
20170906,7,7,7,7,7,7,7,7,7,7,7,7,7,7,7,7,7,7,7,7,7,1807,1807,1807,1807,1807,3807,3807,3807,3807,3807,3807,3807,3807,3807
20170905,14,14,14,14,14,14,14,14,14,14,14,14,14,14,14,14,14,14,14,14,14,14,14,14,14,14,14,614,2414,2414,4814,6014,6614,6614,6614
20170904,8,8,8,8,8,8,8,8,8,8,8,8,8,8,8,8,8,8,8,8,8,8,8,8,8,8,8,8,8,8,8,8,8,8,8
20170903,8,8,8,8,8,8,8,8,8,8,8,8,8,8,8,8,8,5308,12308,18308,18808,21808,22308,22808,23808,24808,24808,25308,26808,28308,28808,28808,28808,28808,28808
20170902,12,12,12,12,12,12,12,12,12,12,12,12,12,12,12,12,12,512,3512,5512,5512,6012,7512,7512,12512,12512,12512,12512,12512,12512,17512,17512,17512,17512,17512
20170901,27,27,27,27,27,27,27,27,27,27,27,27,27,27,2327,3327,7327,11327,13827,18827,19327,19827,21327,21827,24827,24827,24827,27827,30327,30327,32827,34327,37327,37827,39827
20170831,17,17,17,17,17,17,17,17,17,17,17,17,17,617,2617,3217,7217,7717,7717,7717,7717,7717,8217,8717,8717,8717,8717,8717,8717,8717,8717,8717,8717,8717,8717
20170830,29,29,29,29,29,29,29,1529,1529,1529,2029,2029,2529,4129,15429,18929,24929,27429,30429,30429,30929,32929,32929,33929,35429,35929,36929,38429,38429,40429,40429,40429,40429,44429,45929
20170829,10,10,10,10,10,10,10,10,10,10,10,1010,3810,4310,4319,4319,4819,6919,6919,6919,6919,6919,7419,7419,7919,7919,7919,7919,7919,7919,7919,7919,7919,7919,7919
20170828,11,11,11,11,11,11,11,11,11,11,511,7511,9011,9011,9011,9011,9011,9011,9011,9011,9511,9511,11011,11011,11011,11011,11011,12511,12511,19011,19011,19011,19011,19011,19011
20170827,14,14,14,14,14,14,14,14,14,14,1114,6114,8914,10514,15714,19714,24214,26314,31814,31814,31814,34314,34314,38314,43814,45314,48814,53814,56814,60814,65314,68314,72814,75314,80814
20170826,15,15,15,15,15,15,15,15,2615,5715,8715,10715,12715,13215,13215,13715,14715,16215,25215,27215,29715,33715,34215,36715,40715,43215,43215,55715,59215,62715,63215,64215,67715,70715,71715
20170825,15,15,15,15,15,15,15,15,15,15,15,2015,2615,3115,6915,7915,8415,8415,8415,9915,9915,10915,10915,10915,12715,12715,12715,12715,12715,12715,14215,14215,14215,14215,14215
20170824,1,1,1,1,1,1,1,1,5001,5001,5001,5001,5001,5001,5001,5001,5001,5001,5001,5001,5001,5001,5001,5001,5001,5001,5001,5001,5001,5001,5001,5001,5001,5001,5001
20170823,8,8,8,8,8,8,8,8,8,8,8,8,8,8,8,8,8,2408,2408,2408,2408,2408,2408,2408,2408,2408,2408,2408,2408,2408,2408,2408,2408,2408,2408
20170822,31,31,31,31,485,485,485,6085,11085,12185,14185,15685,16185,17185,18685,18685,20285,20285,21285,21285,21785,23285,23285,24285,27285,27785,29285,31285,32285,34285,35785,37285,40785,44285,44785
20170819,4,4,4,4,4,4,4,4,4,4,4,4,4,4,4,4,4,4,4,4,4,4,4,4,4,4,4,4,4,4,4,4,4,4,4
20170818,17,0,0,0,0,0,0,2,2,2,2,2,2,2,2,2,2,2,2,2,2,2,2,2,2,2,2,2,2,2,2,2,2,2,2,2
20170817,2,0,0,0,0,0,500,500,500,500,500,500,500,500,500,1000,1000,1000,1000,1000,1000,1000,1500,1500,1500,1500,1500,1500,1500,1500,1500,1500,1500,1500,1500,1500,1500
20170816,12,0,0,0,0,0,0,5,5,5,5,5,5,5,5,5,505,505,505,505,505,505,505,505,505,505,505,505,505,505,505,505,505,505,505,505,1005,1005
