10300312
10137673
10171158
10218860
10210640
10161517
10271394
10170468
10281024
10176795
10035523
10034164
10318168
10243159
10000019
10073351
10123576
10246951
10091165
10067551
10108709
10000110
10133311
10119939
10181746
10041286
10089168
10162042
10280190
10142574
10316439
10221321
10299838
10066392
10090131
10093229
10209805
10000046
10000794
10143961
10209374
10260380
10226023
10344795
10265188
10237197
10139969
10248380
10099398
10103749
10160156
10129050
10217314
10135649
10108991
10089691
10240260
10026236
10019878
10103227
10212269
10126719
10029330
10162309
10169369
10101379
10130182
10093105
10151472
10308044
10148445
10101862
10103148
10119454
10296835
10103975
10159158
10093556
10154156
10160729
10109723
10031796
10018626
10218869
10266224
10169004
10191792
10178995
10276093
10043202
10114564
10080640
10349658
10044297
10313131
10120418
10040876
10103277
10274956
10156457
