20170923,98,3|4900
20170922,106,2|1000,1|1500
20170921,103,4|4600,6|8300,0|0
20170920,75,1|500,2|2600,5|8500,4|8000
20170919,123,10|11500,8|14800,2|6000,2|2000,2|2000
20170918,104,5|9800,12|33400,6|15600,6|9100,6|6600,2|2000
20170917,110,3|4100,11|17500,12|22300,6|10500,6|30500,6|14500,7|19000
20170916,84,2|2500,5|7100,5|3600,7|5100,3|3000,2|1500,3|3000,1|500
20170915,117,11|8600,5|5500,4|2500,6|6700,6|8000,3|10500,7|22000,5|9700,3|13100
20170914,43,4|3800,2|3000,1|500,1|500,0|0,0|0,0|0,1|600,0|0,0|0
20170913,76,9|12600,13|15000,0|0,3|2000,6|7500,3|9500,3|6000,3|8500,2|3000,3|4500,1|1000
20170912,74,3|2100,3|2000,3|1600,2|2100,0|0,2|2000,2|7000,0|0,1|5000,2|1500,2|7500,2|4500
20170911,73,6|12100,9|19100,3|3500,5|10000,1|1500,0|0,2|2000,2|4000,6|16000,2|3500,3|7500,3|9000,1|1500
20170910,44,1|500,3|9500,2|3000,2|3000,3|6000,3|8500,1|1500,2|7000,2|3000,3|7000,1|2000,2|6500,1|500,4|9000
20170909,70,0|0,6|7900,3|7100,1|1500,1|1800,3|9900,1|1500,3|9800,2|5400,3|8500,2|4500,3|8000,4|16000,2|3000,2|6000
20170908,17,0|0,0|0,1|600,1|500,0|0,0|0,0|0,0|0,0|0,0|0,0|0,0|0,0|0,0|0,0|0,0|0
20170907,25,0|0,0|0,0|0,0|0,0|0,0|0,0|0,0|0,0|0,0|0,0|0,0|0,0|0,0|0,0|0,0|0,0|0
20170906,7,0|0,0|0,1|1800,0|0,0|0,0|0,0|0,0|0,0|0,0|0,0|0,0|0,0|0,0|0,0|0,0|0,0|0,1|2500
20170905,14,0|0,0|0,0|0,0|0,0|0,0|0,0|0,0|0,0|0,1|600,1|1800,0|0,1|2400,1|1200,1|600,0|0,0|0,0|0,0|0
20170904,8,0|0,0|0,0|0,0|0,0|0,0|0,0|0,0|0,0|0,0|0,0|0,0|0,0|0,0|0,0|0,0|0,0|0,0|0,0|0,0|0
20170903,8,0|0,1|4300,4|5500,2|6000,0|0,2|2500,1|500,1|500,1|500,1|500,0|0,0|0,1|1000,1|500,1|500,0|0,0|0,0|0,0|0,0|0,0|0
20170902,12,0|0,0|0,0|0,1|3000,1|1500,0|0,1|500,1|1500,0|0,1|5000,0|0,0|0,0|0,0|0,0|0,0|0,0|0,0|0,0|0,0|0,0|0,0|0
20170901,27,2|2300,1|1000,3|3500,2|1500,2|2000,3|3500,1|500,1|500,1|1500,1|500,1|2500,0|0,0|0,1|3000,1|2500,0|0,1|2500,1|1500,1|3000,1|500,1|2000,1|3500,1|2500
20170831,17,0|0,1|500,1|600,1|2000,0|0,0|0,0|0,0|0,0|0,1|500,1|500,0|0,0|0,0|0,0|0,0|0,0|0,0|0,0|0,0|0,0|0,0|0,0|0,0|0
20170830,29,1|500,3|1600,6|10800,4|3500,3|4500,2|2000,2|3000,0|0,1|500,1|2000,0|0,2|1000,1|1500,1|500,1|1000,1|1500,0|0,1|500,0|0,0|0,0|0,2|4000,1|1500,1|3500,1|3000
20170829,10,1|500,3|2800,1|2500,1|1505,0|0,1|500,1|2100,0|0,0|0,0|0,0|0,0|0,0|0,1|500,0|0,0|0,0|0,0|0,0|0,0|0,0|0,0|0,0|0,0|0,0|0,0|0
20170828,11,1|500,6|7000,1|1500,0|0,0|0,0|0,0|0,0|0,0|0,0|0,1|500,0|0,1|1500,0|0,0|0,0|0,0|0,1|1500,0|0,0|0,0|0,0|0,0|0,0|0,0|0,0|0,0|0
20170827,14,0|0,2|1100,3|4000,1|2200,2|1600,5|5200,3|4000,3|4000,1|1500,3|5500,0|0,0|0,2|2500,0|0,3|4000,2|5500,1|1500,2|3500,1|5000,1|3000,2|4000,1|4500,1|3000,1|4500,1|2500,2|5500,1|500,0|0
20170826,15,0|0,4|2500,2|2500,2|2000,1|1500,0|0,0|0,1|500,2|1000,2|1500,3|4000,2|2000,2|2500,3|2500,1|500,2|2000,3|3500,2|2500,0|0,4|12500,3|3500,2|3500,1|500,1|1000,3|3000,2|3000,1|1000,1|500,2|1000
20170825,15,0|0,0|0,0|0,0|0,2|2000,0|0,1|500,1|2000,1|1000,0|0,0|0,0|0,1|1000,0|0,1|500,0|0,0|0,1|1800,0|0,0|0,0|0,0|0,0|0,0|0,0|0,0|0,0|0,0|0,0|0,0|0
20170824,1,0|0,0|0,1|5000,0|0,0|0,0|0,0|0,0|0,0|0,0|0,0|0,0|0,0|0,0|0,0|0,0|0,0|0,0|0,0|0,0|0,0|0,0|0,0|0,0|0,0|0,0|0,0|0,0|0,0|0,0|0,0|0
20170823,8,0|0,0|0,0|0,0|0,0|0,0|0,0|0,0|0,0|0,0|0,0|0,0|0,1|2400,0|0,0|0,0|0,0|0,0|0,0|0,0|0,0|0,0|0,0|0,0|0,0|0,0|0,0|0,0|0,0|0,0|0,0|0,0|0
20170822,31,1|450,0|0,0|0,2|5100,1|5000,1|600,1|500,1|1500,1|500,2|1000,1|1500,0|0,2|1600,0|0,1|1000,0|0,1|500,1|1500,0|0,1|1000,1|3000,1|500,1|1500,1|2000,1|1000,1|2000,1|1500,1|1500,1|3500,1|3500,1|500,1|2500,1|2000
20170819,4,0|0,0|0,0|0,0|0,0|0,0|0,0|0,0|0,0|0,0|0,0|0,0|0,0|0,0|0,0|0,0|0,0|0,0|0,0|0,0|0,0|0,0|0,0|0,0|0,0|0,0|0,0|0,0|0,0|0,0|0,0|0,0|0,0|0,0|0,0|0,0|0
20170818,17,0|0,0|0,0|0,0|0,0|0,0|0,0|0,0|0,0|0,0|0,0|0,0|0,0|0,0|0,0|0,0|0,0|0,0|0,0|0,0|0,0|0,0|0,0|0,0|0,0|0,0|0,0|0,0|0,0|0,0|0,0|0,0|0,0|0,0|0,0|0,0|0,0|0
20170817,2,0|0,0|0,0|0,0|0,0|0,0|0,0|0,0|0,0|0,0|0,0|0,0|0,0|0,1|500,0|0,0|0,0|0,0|0,0|0,0|0,0|0,1|500,0|0,0|0,0|0,0|0,0|0,0|0,0|0,0|0,0|0,0|0,0|0,0|0,0|0,0|0,0|0,0|0
20170913,76,0|0,0|0,0|0,0|0,0|0,0|0,0|0,0|0,0|0,0|0,0|0,0|0,0|0,0|0,0|0,0|0,0|0,0|0,0|0,0|0,0|0,0|0,0|0,0|0,0|0,0|0,0|0,9|12600,13|15000,0|0,3|2000,6|7500,3|9500,3|6000,3|8500,2|3000,3|4500,1|1000
20170912,74,0|0,0|0,0|0,0|0,0|0,0|0,0|0,0|0,0|0,0|0,0|0,0|0,0|0,0|0,0|0,0|0,0|0,0|0,0|0,0|0,0|0,0|0,0|0,0|0,0|0,0|0,3|2100,3|2000,3|1600,2|2100,0|0,2|2000,2|7000,0|0,1|5000,2|1500,2|7500,2|4500
20170911,73,0|0,0|0,0|0,0|0,0|0,0|0,0|0,0|0,0|0,0|0,0|0,0|0,0|0,0|0,0|0,0|0,0|0,0|0,0|0,0|0,0|0,0|0,0|0,0|0,0|0,6|12100,9|19100,3|3500,5|10000,1|1500,0|0,2|2000,2|4000,6|16000,2|3500,3|7500,3|9000,1|1500
20170910,44,0|0,0|0,0|0,0|0,0|0,0|0,0|0,0|0,0|0,0|0,0|0,0|0,0|0,0|0,0|0,0|0,0|0,0|0,0|0,0|0,0|0,0|0,0|0,0|0,1|500,3|9500,2|3000,2|3000,3|6000,3|8500,1|1500,2|7000,2|3000,3|7000,1|2000,2|6500,1|500,4|9000
20170909,70,0|0,0|0,0|0,0|0,0|0,0|0,0|0,0|0,0|0,0|0,0|0,0|0,0|0,0|0,0|0,0|0,0|0,0|0,0|0,0|0,0|0,0|0,0|0,0|0,6|7900,3|7100,1|1500,1|1800,3|9900,1|1500,3|9800,2|5400,3|8500,2|4500,3|8000,4|16000,2|3000,2|6000
20170908,17,0|0,0|0,0|0,0|0,0|0,0|0,0|0,0|0,0|0,0|0,0|0,0|0,0|0,0|0,0|0,0|0,0|0,0|0,0|0,0|0,0|0,0|0,0|0,0|0,1|600,1|500,0|0,0|0,0|0,0|0,0|0,0|0,0|0,0|0,0|0,0|0,0|0,0|0
20170907,25,0|0,0|0,0|0,0|0,0|0,0|0,0|0,0|0,0|0,0|0,0|0,0|0,0|0,0|0,0|0,0|0,0|0,0|0,0|0,0|0,0|0,0|0,0|0,0|0,0|0,0|0,0|0,0|0,0|0,0|0,0|0,0|0,0|0,0|0,0|0,0|0,0|0,0|0
20170906,7,0|0,0|0,0|0,0|0,0|0,0|0,0|0,0|0,0|0,0|0,0|0,0|0,0|0,0|0,0|0,0|0,0|0,0|0,0|0,0|0,0|0,0|0,1|1800,0|0,0|0,0|0,0|0,0|0,0|0,0|0,0|0,0|0,0|0,0|0,0|0,0|0,0|0,1|2500
20170905,14,0|0,0|0,0|0,0|0,0|0,0|0,0|0,0|0,0|0,0|0,0|0,0|0,0|0,0|0,0|0,0|0,0|0,0|0,0|0,0|0,0|0,0|0,0|0,0|0,0|0,0|0,0|0,0|0,1|600,1|1800,0|0,1|2400,1|1200,1|600,0|0,0|0,0|0,0|0
20170904,8,0|0,0|0,0|0,0|0,0|0,0|0,0|0,0|0,0|0,0|0,0|0,0|0,0|0,0|0,0|0,0|0,0|0,0|0,0|0,0|0,0|0,0|0,0|0,0|0,0|0,0|0,0|0,0|0,0|0,0|0,0|0,0|0,0|0,0|0,0|0,0|0,0|0,0|0
20170903,8,0|0,0|0,0|0,0|0,0|0,0|0,0|0,0|0,0|0,0|0,0|0,0|0,0|0,0|0,0|0,0|0,0|0,0|0,1|4300,4|5500,2|6000,0|0,2|2500,1|500,1|500,1|500,1|500,0|0,0|0,1|1000,1|500,1|500,0|0,0|0,0|0,0|0,0|0,0|0
20170902,12,0|0,0|0,0|0,0|0,0|0,0|0,0|0,0|0,0|0,0|0,0|0,0|0,0|0,0|0,0|0,0|0,0|0,0|0,0|0,1|3000,1|1500,0|0,1|500,1|1500,0|0,1|5000,0|0,0|0,0|0,0|0,0|0,0|0,0|0,0|0,0|0,0|0,0|0,0|0
20170901,27,0|0,0|0,0|0,0|0,0|0,0|0,0|0,0|0,0|0,0|0,0|0,0|0,0|0,0|0,0|0,2|2300,1|1000,3|3500,2|1500,2|2000,3|3500,1|500,1|500,1|1500,1|500,1|2500,0|0,0|0,1|3000,1|2500,0|0,1|2500,1|1500,1|3000,1|500,1|2000,1|3500,1|2500
20170831,17,0|0,0|0,0|0,0|0,0|0,0|0,0|0,0|0,0|0,0|0,0|0,0|0,0|0,0|0,0|0,1|500,1|600,1|2000,0|0,0|0,0|0,0|0,0|0,1|500,1|500,0|0,0|0,0|0,0|0,0|0,0|0,0|0,0|0,0|0,0|0,0|0,0|0,0|0
20170830,29,0|0,0|0,0|0,0|0,0|0,0|0,0|0,0|0,0|0,0|0,0|0,1|500,0|0,1|500,3|1600,6|10800,4|3500,3|4500,2|2000,2|3000,0|0,1|500,1|2000,0|0,2|1000,1|1500,1|500,1|1000,1|1500,0|0,1|500,0|0,0|0,0|0,2|4000,1|1500,1|3500,1|3000
20170829,10,0|0,0|0,0|0,0|0,0|0,0|0,0|0,0|0,0|0,0|0,0|0,0|0,1|500,3|2800,1|2500,1|1505,0|0,1|500,1|2100,0|0,0|0,0|0,0|0,0|0,0|0,1|500,0|0,0|0,0|0,0|0,0|0,0|0,0|0,0|0,0|0,0|0,0|0,0|0
20170828,11,0|0,0|0,0|0,0|0,0|0,0|0,0|0,0|0,0|0,0|0,0|0,1|500,6|7000,1|1500,0|0,0|0,0|0,0|0,0|0,0|0,0|0,1|500,0|0,1|1500,0|0,0|0,0|0,0|0,1|1500,0|0,0|0,0|0,0|0,0|0,0|0,0|0,0|0,0|0
20170827,14,0|0,0|0,0|0,0|0,0|0,0|0,0|0,0|0,0|0,0|0,0|0,2|1100,3|4000,1|2200,2|1600,5|5200,3|4000,3|4000,1|1500,3|5500,0|0,0|0,2|2500,0|0,3|4000,2|5500,1|1500,2|3500,1|5000,1|3000,2|4000,1|4500,1|3000,1|4500,1|2500,2|5500,1|500,0|0
20170826,15,0|0,0|0,0|0,0|0,0|0,0|0,0|0,0|0,0|0,0|0,4|2500,2|2500,2|2000,1|1500,0|0,0|0,1|500,2|1000,2|1500,3|4000,2|2000,2|2500,3|2500,1|500,2|2000,3|3500,2|2500,0|0,4|12500,3|3500,2|3500,1|500,1|1000,3|3000,2|3000,1|1000,1|500,2|1000
20170825,15,0|0,0|0,0|0,0|0,0|0,0|0,0|0,0|0,0|0,0|0,0|0,0|0,2|2000,0|0,1|500,1|2000,1|1000,0|0,0|0,0|0,1|1000,0|0,1|500,0|0,0|0,1|1800,0|0,0|0,0|0,0|0,0|0,0|0,0|0,0|0,0|0,0|0,0|0,0|0
20170824,1,0|0,0|0,0|0,0|0,0|0,0|0,0|0,0|0,0|0,1|5000,0|0,0|0,0|0,0|0,0|0,0|0,0|0,0|0,0|0,0|0,0|0,0|0,0|0,0|0,0|0,0|0,0|0,0|0,0|0,0|0,0|0,0|0,0|0,0|0,0|0,0|0,0|0,0|0
20170823,8,0|0,0|0,0|0,0|0,0|0,0|0,0|0,0|0,0|0,0|0,0|0,0|0,0|0,0|0,0|0,0|0,0|0,0|0,1|2400,0|0,0|0,0|0,0|0,0|0,0|0,0|0,0|0,0|0,0|0,0|0,0|0,0|0,0|0,0|0,0|0,0|0,0|0,0|0
20170822,31,0|0,0|0,0|0,0|0,0|0,1|450,0|0,0|0,2|5100,1|5000,1|600,1|500,1|1500,1|500,2|1000,1|1500,0|0,2|1600,0|0,1|1000,0|0,1|500,1|1500,0|0,1|1000,1|3000,1|500,1|1500,1|2000,1|1000,1|2000,1|1500,1|1500,1|3500,1|3500,1|500,1|2500,1|2000
20170819,4,0|0,0|0,0|0,0|0,0|0,0|0,0|0,0|0,0|0,0|0,0|0,0|0,0|0,0|0,0|0,0|0,0|0,0|0,0|0,0|0,0|0,0|0,0|0,0|0,0|0,0|0,0|0,0|0,0|0,0|0,0|0,0|0,0|0,0|0,0|0,0|0,0|0,0|0
20170818,17,0|0,0|0,0|0,0|0,0|0,0|0,0|0,0|0,0|0,0|0,0|0,0|0,0|0,0|0,0|0,0|0,0|0,0|0,0|0,0|0,0|0,0|0,0|0,0|0,0|0,0|0,0|0,0|0,0|0,0|0,0|0,0|0,0|0,0|0,0|0,0|0,0|0,0|0
20170817,2,0|0,0|0,0|0,0|0,0|0,0|0,0|0,0|0,0|0,0|0,0|0,0|0,0|0,1|500,0|0,0|0,0|0,0|0,0|0,0|0,0|0,1|500,0|0,0|0,0|0,0|0,0|0,0|0,0|0,0|0,0|0,0|0,0|0,0|0,0|0,0|0,0|0,0|0
20170816,12,0|0,0|0,0|0,0|0,0|0,1|1000,0|0,0|0,0|0,0|0,0|0,0|0,0|0,0|0,0|0,1|500,0|0,0|0,0|0,0|0,0|0,0|0,0|0,0|0,0|0,0|0,0|0,0|0,0|0,0|0,0|0,0|0,0|0,0|0,0|0,1|500,0|0,0|0,1|500
