20170923,98,4900
20170922,106,1000,2500
20170921,103,4600,12900,12900
20170920,75,500,3100,11600,19600
20170919,123,11500,26300,32300,34300,36300
20170918,104,9800,43200,58800,67900,74500,76500
20170917,110,4100,21600,43900,54400,84900,99400,118400
20170916,84,2500,9600,13200,18300,21300,22800,25800,26300
20170915,117,8600,14100,16600,23300,31300,41800,63800,73500,86600
20170914,43,3800,6800,7300,7800,7800,7800,7800,8400,8400,8400
20170913,76,12600,27600,27600,29600,37100,46600,52600,61100,64100,68600,69600
20170912,74,2100,4100,5700,7800,7800,9800,16800,16800,21800,23300,30800,35300
20170911,73,12100,31200,34700,44700,46200,46200,48200,52200,68200,71700,79200,88200,89700
20170910,44,500,10000,13000,16000,22000,30500,32000,39000,42000,49000,51000,57500,58000,67000
20170909,70,0,7900,15000,16500,18300,28200,29700,39500,44900,53400,57900,65900,81900,84900,90900
20170908,17,0,0,600,1100,1100,1100,1100,1100,1100,1100,1100,1100,1100,1100,1100,1100
20170907,25,0,0,0,0,0,0,0,0,0,0,0,0,0,0,0,0,0
20170906,7,0,0,1800,1800,1800,1800,1800,1800,1800,1800,1800,1800,1800,1800,1800,1800,1800,4300
20170905,14,0,0,0,0,0,0,0,0,0,600,2400,2400,4800,6000,6600,6600,6600,6600,6600
20170904,8,0,0,0,0,0,0,0,0,0,0,0,0,0,0,0,0,0,0,0,0
20170903,8,0,4300,9800,15800,15800,18300,18800,19300,19800,20300,20300,20300,21300,21800,22300,22300,22300,22300,22300,22300,22300
20170902,12,0,0,0,3000,4500,4500,5000,6500,6500,11500,11500,11500,11500,11500,11500,11500,11500,11500,11500,11500,11500,11500
20170901,27,2300,3300,6800,8300,10300,13800,14300,14800,16300,16800,19300,19300,19300,22300,24800,24800,27300,28800,31800,32300,34300,37800,40300
20170831,17,0,500,1100,3100,3100,3100,3100,3100,3100,3600,4100,4100,4100,4100,4100,4100,4100,4100,4100,4100,4100,4100,4100,4100
20170830,29,500,2100,12900,16400,20900,22900,25900,25900,26400,28400,28400,29400,30900,31400,32400,33900,33900,34400,34400,34400,34400,38400,39900,43400,46400
20170829,10,500,3300,5800,7305,7305,7805,9905,9905,9905,9905,9905,9905,9905,10405,10405,10405,10405,10405,10405,10405,10405,10405,10405,10405,10405,10405
20170828,11,500,7500,9000,9000,9000,9000,9000,9000,9000,9000,9500,9500,11000,11000,11000,11000,11000,12500,12500,12500,12500,12500,12500,12500,12500,12500,12500
20170827,14,0,1100,5100,7300,8900,14100,18100,22100,23600,29100,29100,29100,31600,31600,35600,41100,42600,46100,51100,54100,58100,62600,65600,70100,72600,78100,78600,78600
20170826,15,0,2500,5000,7000,8500,8500,8500,9000,10000,11500,15500,17500,20000,22500,23000,25000,28500,31000,31000,43500,47000,50500,51000,52000,55000,58000,59000,59500,60500
20170825,15,0,0,0,0,2000,2000,2500,4500,5500,5500,5500,5500,6500,6500,7000,7000,7000,8800,8800,8800,8800,8800,8800,8800,8800,8800,8800,8800,8800,8800
20170824,1,0,0,5000,5000,5000,5000,5000,5000,5000,5000,5000,5000,5000,5000,5000,5000,5000,5000,5000,5000,5000,5000,5000,5000,5000,5000,5000,5000,5000,5000,5000
20170823,8,0,0,0,0,0,0,0,0,0,0,0,0,2400,2400,2400,2400,2400,2400,2400,2400,2400,2400,2400,2400,2400,2400,2400,2400,2400,2400,2400,2400
20170822,31,450,450,450,5550,10550,11150,11650,13150,13650,14650,16150,16150,17750,17750,18750,18750,19250,20750,20750,21750,24750,25250,26750,28750,29750,31750,33250,34750,38250,41750,42250,44750,46750
20170819,4,0,0,0,0,0,0,0,0,0,0,0,0,0,0,0,0,0,0,0,0,0,0,0,0,0,0,0,0,0,0,0,0,0,0,0,0
20170818,17,0,0,0,0,0,0,0,0,0,0,0,0,0,0,0,0,0,0,0,0,0,0,0,0,0,0,0,0,0,0,0,0,0,0,0,0,0
20170817,2,0,0,0,0,0,0,0,0,0,0,0,0,0,500,500,500,500,500,500,500,500,1000,1000,1000,1000,1000,1000,1000,1000,1000,1000,1000,1000,1000,1000,1000,1000,1000
20170816,12,0,0,0,0,0,1000,1000,1000,1000,1000,1000,1000,1000,1000,1000,1500,1500,1500,1500,1500,1500,1500,1500,1500,1500,1500,1500,1500,1500,1500,1500,1500,1500,1500,1500,2000,2000,2000,2500
