20170824,1,0|0
20170823,8,0|0,0|0
20170822,31,1|450,0|0,0|0
20170819,4,0|0,0|0,0|0,0|0,0|0,0|0
20170818,17,0|0,0|0,0|0,0|0,0|0,0|0,0|0
20170817,2,0|0,0|0,0|0,0|0,0|0,0|0,0|0,0|0
20170913,76,0|0,0|0,0|0,0|0,0|0,0|0,0|0,0|0
20170912,74,0|0,0|0,0|0,0|0,0|0,0|0,0|0,0|0
20170911,73,0|0,0|0,0|0,0|0,0|0,0|0,0|0,0|0
20170910,44,0|0,0|0,0|0,0|0,0|0,0|0,0|0,0|0
20170909,70,0|0,0|0,0|0,0|0,0|0,0|0,0|0,0|0
20170908,17,0|0,0|0,0|0,0|0,0|0,0|0,0|0,0|0
20170907,25,0|0,0|0,0|0,0|0,0|0,0|0,0|0,0|0
20170906,7,0|0,0|0,0|0,0|0,0|0,0|0,0|0,0|0
20170905,14,0|0,0|0,0|0,0|0,0|0,0|0,0|0,0|0
20170904,8,0|0,0|0,0|0,0|0,0|0,0|0,0|0,0|0
20170903,8,0|0,0|0,0|0,0|0,0|0,0|0,0|0,0|0
20170902,12,0|0,0|0,0|0,0|0,0|0,0|0,0|0,0|0
20170901,27,0|0,0|0,0|0,0|0,0|0,0|0,0|0,0|0
20170831,17,0|0,0|0,0|0,0|0,0|0,0|0,0|0,0|0
20170830,29,0|0,0|0,0|0,0|0,0|0,0|0,0|0,0|0
20170829,10,0|0,0|0,0|0,0|0,0|0,0|0,0|0,0|0
20170828,11,0|0,0|0,0|0,0|0,0|0,0|0,0|0,0|0
20170827,14,0|0,0|0,0|0,0|0,0|0,0|0,0|0,0|0
20170826,15,0|0,0|0,0|0,0|0,0|0,0|0,0|0,0|0
20170825,15,0|0,0|0,0|0,0|0,0|0,0|0,0|0,0|0
20170824,1,0|0,0|0,0|0,0|0,0|0,0|0,0|0,0|0
20170823,8,0|0,0|0,0|0,0|0,0|0,0|0,0|0,0|0
20170822,31,0|0,0|0,0|0,0|0,0|0,1|450,0|0,0|0
20170819,4,0|0,0|0,0|0,0|0,0|0,0|0,0|0,0|0
20170818,17,0|0,0|0,0|0,0|0,0|0,0|0,0|0,0|0
20170817,2,0|0,0|0,0|0,0|0,0|0,0|0,0|0,0|0
20170816,12,0|0,0|0,0|0,0|0,0|0,1|1000,0|0,0|0,0|0
