20170831,17,0
20170830,29,500,2100
20170829,10,500,3300,5800
20170828,11,500,7500,9000,9000
20170827,14,0,1100,5100,7300,8900
20170826,15,0,2500,5000,7000,8500,8500
20170825,15,0,0,0,0,2000,2000,2500
20170824,1,0,0,5000,5000,5000,5000,5000,5000
20170823,8,0,0,0,0,0,0,0,0,0
20170822,31,450,450,450,5550,10550,11150,11650,13150,13650,14650
20170819,4,0,0,0,0,0,0,0,0,0,0,0,0,0
20170818,17,0,0,0,0,0,0,0,0,0,0,0,0,0,0
20170817,2,0,0,0,0,0,0,0,0,0,0,0,0,0,500,500
20170816,12,0,0,0,0,0,1000,1000,1000,1000,1000,1000,1000,1000,1000,1000,1500
